
 -1.31
 -1.20
 -87.28
 -1.43
 -1.11
 -88.66
 -1.54
 -1.04
 -88.03
 -1.39
 -0.49
 -87.21
 -1.08
 -0.49
 -86.87
 -1.91
 -0.73
 -86.60
 -1.45
 -1.27
 -88.37
 -1.29
 -1.07
 -87.16
 -1.35
 -1.28
 -87.93
 -1.36
 -2.01
 -88.19
 -1.40
 -1.96
 -88.67
 -2.25
 -1.47
 -87.19
 -1.83
 -1.37
 -86.29
 -1.32
 -1.62
 -88.06
 -1.17
 -1.29
 -87.86
 -0.72
 -1.09
 -86.00
 -1.29
 -1.21
 -87.48
 -1.34
 -0.85
 -86.93
 -1.21
 -1.58
 -87.70
 -0.56
 -1.26
 -87.95
 -1.43
 -1.20
 -88.16
 -1.40
 -1.23
 -87.49
 -1.37
 -1.39
 -87.38
 -0.91
 -1.41
 -87.56
 -0.62
 -1.23
 -87.65
 -0.78
 -1.33
 -86.92
 -0.94
 -1.19
 -87.87
 -0.94
 -0.90
 -87.04
 -0.71
 -1.32
 -87.16
 -0.58
 -1.53
 -88.50
 -0.72
 -1.35
 -88.12
 -1.04
 -0.32
 -85.73
 -1.37
 -0.58
 -87.43
 -1.02
 -1.10
 -87.83
 -0.54
 -1.11
 -86.72
 -0.65
 -1.39
 -87.65
 -0.80
 -1.09
 -87.09
 -0.94
 -1.02
 -87.36
 -0.93
 -1.44
 -88.19
 -0.87
 -1.24
 -87.10
 -1.00
 -0.84
 -87.45
 -0.89
 -1.03
 -86.93
 -1.09
 -0.88
 -87.20
 -1.34
 -1.12
 -88.21
 -0.98
 -0.86
 -86.71
 -0.75
 -0.64
 -86.25
 -0.70
 -0.35
 -88.01
 -0.51
 -0.90
 -88.60
 -0.66
 -0.26
 -86.99
 -0.78
 0.04
 -85.44
 -0.29
 -1.26
 -88.92
 -0.63
 -0.74
 -87.23
 -0.55
 -0.35
 -86.92
 -0.44
 -0.75
 -87.07
 -0.53
 -0.62
 -88.05
 -0.70
 -0.71
 -87.47
 -0.85
 -0.87
 -87.80
 -0.56
 -0.94
 -87.92
 -0.50
 -0.83
 -87.96
 -0.29
 0.24
 -86.02
 -0.58
 -0.42
 -88.24
 -5.50
 -0.44
 -83.52
 -2.67
 -0.37
 -84.90
 -1.77
 -0.53
 -86.30
 -0.82
 -0.92
 -87.74
 -0.96
 -0.63
 -86.23
 -0.85
 -0.37
 -86.05
 -0.71
 -0.33
 -86.24
 -0.95
 -0.51
 -86.25
 -0.91
 -0.85
 -86.71
 -0.44
 -0.92
 -86.91
 -0.84
 -1.20
 -86.44
 -0.60
 0.14
 -86.35
 -0.72
 -0.56
 -87.13
 -0.72
 -1.34
 -87.22
 -0.84
 -1.16
 -87.43
 -0.66
 -0.74
 -88.24
 -0.34
 -0.30
 -86.35
 -0.18
 -0.64
 -88.15
 -0.33
 -0.65
 -86.72
 -0.07
 -1.07
 -87.94
 0.05
 -0.75
 -86.78
 -0.03
 -0.36
 -86.84
 0.15
 -0.68
 -87.93
 -0.03
 -0.05
 -86.29
 -0.03
 -0.90
 -87.93
 -0.19
 -0.52
 -86.19
 -0.01
 -0.35
 -87.34
 -0.23
 -0.77
 -86.68
 -0.83
 -0.98
 -87.20
 -0.84
 -0.84
 -87.17
 -0.48
 -0.83
 -87.37
 0.01
 -0.94
 -88.18
 -0.19
 -0.31
 -87.44
 -0.70
 -0.49
 -87.30
 -0.11
 -0.22
 -86.04
 -0.14
 -0.95
 -86.76
 0.16
 -0.97
 -86.40
 0.36
 -1.10
 -86.43
 0.01
 -0.71
 -86.59
 -0.38
 -1.04
 -88.54
 -0.46
 -0.59
 -85.87
 -0.93
 -0.97
 -86.81
 -0.76
 -0.72
 -87.69
 -0.73
 -0.65
 -87.89
 -0.38
 -0.88
 -87.05
 -0.42
 -0.78
 -87.84
 -0.63
 -0.54
 -87.17
 -0.24
 -1.13
 -87.03
 -1.28
 -0.07
 -88.06
 -0.98
 -0.45
 -87.20
 -0.66
 -1.28
 -88.65
 -0.86
 -0.29
 -87.83
 -0.60
 -0.36
 -87.62
 -0.38
 -0.73
 -88.27
 -0.73
 -0.38
 -87.43
 -0.03
 -0.52
 -86.04
 -0.31
 -0.83
 -87.99
 0.24
 -0.67
 -86.35
 -0.07
 -0.87
 -86.95
 -0.27
 -0.73
 -87.10
 -0.12
 -0.79
 -87.23
 -0.40
 -0.77
 -86.64
 -0.68
 -0.30
 -86.36
 -0.59
 -0.94
 -87.20
 -0.51
 -1.29
 -88.22
 -0.53
 -1.26
 -87.00
 -0.18
 -0.41
 -85.06
 0.14
 -0.92
 -87.34
 -0.20
 -1.27
 -87.63
 0.01
 -1.10
 -88.16
 -0.22
 -1.12
 -88.27
 -0.15
 -0.96
 -88.00
 -0.11
 -0.96
 -86.90
 -3.74
 2.43
 -85.14
 -3.83
 2.48
 -86.41
 -3.12
 1.77
 -86.69
 -3.18
 1.46
 -88.43
 -2.69
 1.43
 -88.35
 -2.42
 2.30
 -86.38
 -2.60
 1.75
 -86.99
 -2.01
 1.77
 -86.13
 -2.59
 1.27
 -88.24
 -2.51
 1.83
 -86.27
 -2.26
 1.32
 -87.47
 -2.05
 1.86
 -86.02
 -4.11
 1.99
 -85.20
 -3.44
 1.59
 -87.75
 -2.93
 2.18
 -86.30
 -2.55
 2.13
 -85.44
 -2.67
 1.63
 -88.01
 -2.51
 1.64
 -87.62
 -2.61
 2.30
 -86.96
 -2.98
 2.05
 -86.27
 -2.49
 2.63
 -86.50
 -3.03
 2.12
 -87.08
 -2.67
 1.88
 -86.79
 -2.13
 3.02
 -87.32
 -3.66
 2.36
 -87.01
 -2.97
 4.16
 -88.69
 -0.23
 3.97
 -90.15
 -1.52
 3.31
 -89.03
 -0.94
 3.14
 -87.94
 0.62
 4.32
 -88.57
 0.76
 3.99
 -89.11
 1.01
 5.12
 -86.47
 2.10
 5.55
 -89.23
 0.82
 3.86
 -88.21
 -0.53
 2.40
 -86.57
 0.29
 2.89
 -86.55
 0.50
 2.73
 -87.07
 0.65
 2.20
 -85.75
 1.07
 2.02
 -88.74
 0.62
 2.37
 -87.06
 -1.09
 3.02
 -86.97
 -0.05
 3.45
 -86.14
 -2.45
 4.59
 -84.21
 -2.56
 4.37
 -86.06
 -1.27
 1.39
 -87.27
 -2.17
 2.31
 -85.95
 -2.21
 2.47
 -86.29
 -2.86
 1.97
 -86.00
 -2.00
 2.02
 -86.00
 -1.65
 2.15
 -86.86
 -1.76
 1.84
 -86.39
 -2.26
 1.96
 -86.96
 -1.64
 2.96
 -85.32
 -1.76
 3.04
 -85.84
 -2.75
 2.72
 -87.68
 -2.24
 2.03
 -87.27
 -2.72
 1.29
 -86.83
 -2.82
 2.36
 -86.75
 -2.37
 2.63
 -85.43
 -2.72
 2.89
 -86.59
 -3.18
 2.39
 -84.87
 -2.93
 2.00
 -86.14
 -2.99
 2.50
 -86.53
 -2.87
 2.02
 -86.66
 -2.90
 2.16
 -87.39
 -2.92
 1.72
 -87.86
 -2.93
 1.74
 -87.37
 -3.65
 2.66
 -85.93
 -3.67
 2.02
 -87.51
 -3.90
 2.59
 -86.44
 -3.62
 2.52
 -87.01
 -3.29
 2.18
 -87.54
 -3.58
 2.56
 -85.46
 -3.46
 1.96
 -87.17
 -3.55
 1.84
 -86.74
 -3.35
 2.32
 -85.30
 -3.25
 2.36
 -85.97
 -3.30
 2.13
 -86.16
 -3.51
 2.33
 -85.30
 -3.42
 1.86
 -86.83
 -3.23
 2.05
 -85.65
 -3.07
 1.90
 -86.62
 -3.17
 1.85
 -86.18
 -3.27
 1.36
 -87.32
 -3.41
 1.82
 -86.61
 -3.38
 1.45
 -86.68
 -3.29
 1.45
 -88.29
 -3.21
 1.59
 -87.16
 -3.37
 1.80
 -86.48
 -3.34
 1.85
 -86.37
 -3.33
 1.49
 -87.36
 -3.14
 1.76
 -86.50
 -3.02
 1.50
 -86.38
 -3.11
 1.16
 -88.45
 -3.08
 1.74
 -86.42
 -3.13
 1.63
 -86.78
 -2.98
 1.63
 -86.41
 -3.15
 1.56
 -86.85
 -3.19
 1.48
 -87.19
 -3.20
 1.57
 -87.25
 -3.06
 1.58
 -86.09
 -2.86
 1.64
 -86.96
 -3.33
 1.83
 -87.08
 -3.36
 1.50
 -87.58
 -3.30
 1.68
 -86.98
 -3.23
 1.74
 -86.32
 -3.39
 2.18
 -87.25
 -3.24
 2.16
 -87.74
 -3.41
 3.35
 -87.72
 -2.20
 3.02
 -88.01
 -3.46
 5.23
 -87.13
 -2.88
 5.86
 -88.38
 -1.87
 7.77
 -87.97
 -0.39
 10.46
 -89.84
 -0.40
 14.50
 -90.37
 -0.62
 17.88
 -90.91
 0.41
 21.01
 -90.90
 0.99
 24.28
 -90.83
 1.20
 26.71
 -90.65
 1.65
 30.12
 -91.19
 1.04
 33.41
 -92.83
 -0.50
 37.78
 -89.13
 0.07
 43.13
 -93.24
 -0.43
 47.44
 -93.81
 -0.06
 51.74
 -94.83
 -0.45
 55.96
 -95.23
 -2.24
 60.24
 -93.19
 -3.29
 62.91
 -92.33
 -1.58
 64.79
 -90.59
 -1.46
 66.80
 -91.82
 0.37
 67.48
 -92.38
 -0.73
 70.42
 -90.08
 -0.62
 71.10
 -90.61
 -1.46
 73.34
 -90.32
 -0.66
 75.61
 -90.67
 -0.90
 77.08
 -90.87
 -0.74
 77.50
 -92.92
 -1.53
 79.35
 -90.33
 -1.49
 81.64
 -91.72
 0.00
 82.72
 -88.57
 0.57
 84.42
 -88.67
 1.13
 84.77
 -88.58
 0.98
 85.29
 -88.06
 0.12
 85.69
 -87.94
 0.23
 84.37
 -89.15
 -0.00
 84.76
 -87.33
 0.41
 84.65
 -89.17
 0.45
 84.85
 -88.96
 -0.08
 85.21
 -87.93
 0.62
 84.95
 -90.46
 0.51
 84.75
 -90.23
 0.00
 84.76
 -89.99
 -0.21
 84.23
 -90.19
 -0.46
 82.22
 -87.89
 -1.02
 80.48
 -86.41
 -0.24
 76.26
 -89.15
 -2.90
 71.06
 -86.25
 -5.01
 65.89
 -85.45
 -6.85
 61.31
 -85.06
 -8.14
 57.98
 -83.54
 -9.14
 51.27
 -83.36
 -10.99
 44.20
 -79.01
 -11.13
 37.42
 -78.57
 -15.27
 32.88
 -75.51
 -15.23
 30.93
 -76.23
 -15.57
 27.94
 -76.75
 -12.97
 26.14
 -78.12
 -11.82
 24.92
 -79.79
 -12.77
 24.41
 -81.54
 -11.36
 22.31
 -83.74
 -10.29
 20.72
 -83.94
 -10.12
 18.68
 -85.79
 -8.49
 17.22
 -86.88
 -7.57
 14.26
 -86.39
 -6.54
 11.60
 -87.39
 -5.09
 9.79
 -88.69
 -4.85
 8.55
 -86.43
 -4.03
 7.34
 -88.86
 -2.24
 3.98
 -88.57
 -1.73
 4.74
 -88.54
 -2.10
 5.25
 -88.29
 -2.13
 4.37
 -87.71
 -3.17
 5.31
 -87.26
 -3.21
 5.03
 -86.83
 -3.30
 4.56
 -87.89
 -3.65
 3.55
 -89.14
 -4.96
 3.61
 -88.46
 -5.22
 4.32
 -88.01
 -4.69
 4.18
 -88.79
 -3.16
 3.30
 -89.99
 -3.21
 4.43
 -88.45
 -2.82
 4.53
 -87.13
 -2.95
 4.03
 -89.04
 -2.40
 3.75
 -88.56
 -2.78
 3.75
 -88.14
 -2.82
 3.86
 -87.43
 -2.71
 4.12
 -87.48
 -2.13
 3.42
 -86.82
 -2.14
 2.71
 -87.49
 -1.83
 2.56
 -88.13
 -1.86
 2.58
 -87.69
 -1.98
 2.48
 -86.65
 -1.98
 3.03
 -85.65
 -1.88
 1.88
 -87.25
 -1.90
 2.23
 -87.08
 -2.25
 2.60
 -87.32
 -1.36
 1.48
 -86.78
 3.15
 0.99
 -89.92
 7.74
 1.87
 -89.56
 11.19
 2.29
 -91.38
 17.91
 2.36
 -92.27
 21.26
 1.47
 -91.77
 25.40
 1.14
 -91.26
 30.28
 1.58
 -92.10
 38.46
 -4.02
 -95.76
 44.91
 -8.37
 -95.61
 49.57
 -11.02
 -94.96
 51.95
 -12.01
 -96.19
 53.96
 -10.70
 -92.56
 57.90
 -8.10
 -94.25
 61.24
 -8.21
 -94.21
 64.39
 -11.89
 -95.95
 67.15
 -13.62
 -96.75
 70.18
 -16.25
 -100.91
 71.75
 -15.37
 -100.87
 73.13
 -11.21
 -98.68
 74.55
 -11.47
 -100.29
 75.70
 -14.01
 -99.97
 77.83
 -19.48
 -107.68
 79.18
 -16.12
 -105.83
 81.66
 -6.63
 -102.83
 82.89
 -4.57
 -104.74
 83.60
 1.46
 -101.29
 83.79
 -4.24
 -102.83
 84.41
 12.95
 -100.39
 84.55
 16.39
 -98.83
 84.87
 -4.42
 -101.99
 84.92
 8.12
 -100.21
 84.88
 9.10
 -98.98
 84.90
 -8.77
 -104.08
 84.81
 -0.47
 -101.12
 84.82
 -21.47
 -112.17
 84.73
 -14.77
 -113.29
 84.77
 -16.89
 -112.89
 84.76
 -21.31
 -119.11
 84.54
 -21.80
 -119.32
 84.58
 -22.49
 -143.81
 84.57
 -34.64
 58.54
 84.73
 -11.17
 -114.54
 84.62
 -24.51
 -121.24
 84.36
 -32.76
 -148.64
 82.84
 -27.27
 -143.02
 76.73
 -17.85
 -101.15
 72.24
 -4.09
 -94.54
 66.65
 -3.05
 -90.66
 58.87
 -4.03
 -87.76
 48.67
 -3.37
 -80.59
 38.52
 -3.22
 -76.12
 26.15
 0.11
 -73.06
 17.59
 0.05
 -73.56
 12.43
 -0.44
 -76.21
 6.08
 0.86
 -75.24
 3.55
 1.44
 -78.81
 1.25
 1.93
 -77.03
 -0.99
 2.26
 -82.05
 -0.52
 -0.10
 -83.00
 -1.03
 1.79
 -81.51
 0.01
 1.53
 -84.25
 0.22
 1.41
 -83.83
 0.58
 1.13
 -85.87
 0.71
 1.15
 -86.56
 1.18
 1.33
 -87.33
 1.07
 1.71
 -87.53
 0.75
 1.88
 -85.68
 0.69
 1.79
 -86.78
 0.59
 2.34
 -85.44
 0.95
 1.81
 -87.43
 0.78
 1.72
 -87.41
 0.33
 2.42
 -86.19
 0.43
 2.12
 -87.46
 0.82
 2.08
 -85.98
 1.09
 2.19
 -86.91
 1.46
 1.70
 -86.96
 1.57
 1.95
 -87.18
 0.93
 2.03
 -87.57
 0.74
 1.63
 -87.36
 1.13
 2.26
 -84.75
 1.33
 1.72
 -87.28
 1.36
 1.74
 -86.27
 1.31
 1.74
 -87.17
 1.14
 1.47
 -87.01
 1.49
 0.50
 -87.89
 1.63
 0.69
 -86.63
 1.63
 0.74
 -88.10
 1.41
 1.07
 -87.10
 1.33
 1.05
 -86.83
 1.44
 1.73
 -86.50
 1.36
 1.73
 -85.88
 1.44
 1.49
 -87.95
 0.96
 2.12
 -85.74
 1.43
 1.76
 -86.75
 2.63
 2.43
 -87.12
 1.92
 2.87
 -86.01
 1.25
 1.94
 -87.95
 0.63
 1.79
 -87.67
 0.08
 1.31
 -86.93
 0.41
 1.52
 -86.48
 4.00
 0.92
 -89.23
 1.51
 2.66
 -88.75
 0.72
 2.34
 -86.49
 0.72
 2.01
 -87.86
 0.79
 1.99
 -86.99
 0.72
 2.72
 -85.75
 0.80
 2.36
 -87.00
 0.79
 2.86
 -86.15
 2.17
 4.39
 -84.56
 0.19
 6.43
 -80.85
 0.34
 9.86
 -76.14
 -0.62
 10.22
 -70.64
 0.04
 10.68
 -67.15
 0.52
 9.55
 -61.66
 1.23
 8.41
 -57.90
 1.47
 7.17
 -54.31
 0.32
 6.66
 -51.52
 1.97
 5.10
 -47.81
 2.74
 4.88
 -45.67
 0.16
 2.51
 -42.79
 -1.48
 4.50
 -40.07
 -1.16
 4.36
 -40.40
 0.93
 4.93
 -37.05
 -1.51
 6.43
 -37.83
 -4.61
 4.92
 -35.04
 -6.04
 6.68
 -34.31
 -6.92
 6.97
 -33.94
 -7.18
 6.83
 -33.76
 -7.77
 5.11
 -33.69
 -7.62
 4.77
 -33.85
 -7.62
 4.85
 -34.66
 -7.60
 4.78
 -34.34
 -7.51
 5.02
 -33.71
 -7.22
 5.02
 -34.33
 -6.62
 5.01
 -32.84
 -6.50
 4.70
 -33.59
 -6.53
 4.50
 -33.56
 -6.31
 4.46
 -33.69
 -5.63
 4.34
 -33.36
 -5.81
 3.39
 -34.16
 -5.55
 3.45
 -34.57
 -5.37
 3.96
 -34.05
 -5.04
 3.84
 -34.72
 -4.67
 4.21
 -34.01
 -4.92
 4.26
 -33.79
 -4.06
 4.54
 -34.41
 -4.14
 4.23
 -34.27
 -3.85
 4.58
 -33.23
 -3.98
 4.28
 -34.81
 -3.99
 4.26
 -33.77
 -3.93
 4.61
 -33.12
 -4.06
 4.56
 -33.46
 -3.98
 4.61
 -32.93
 -4.16
 4.41
 -32.98
 -4.10
 4.53
 -32.83
 -4.51
 4.02
 -33.43
 -5.12
 3.79
 -34.57
 -8.92
 4.57
 -38.46
 -12.64
 1.58
 -44.71
 -14.88
 -0.34
 -53.02
 -21.35
 -3.98
 -61.34
 -24.96
 -7.45
 -62.25
 -23.32
 -7.82
 -66.10
 -23.62
 -6.39
 -65.08
 -18.05
 -6.94
 -69.24
 -15.56
 -10.36
 -71.53
 -11.84
 -10.26
 -74.51
 -9.65
 -10.38
 -79.10
 -6.82
 -6.23
 -81.40
 -6.39
 -5.74
 -84.58
 -5.25
 -4.62
 -85.20
 -4.86
 -3.73
 -85.66
 -4.59
 -2.77
 -86.30
 -4.89
 -2.30
 -85.99
 -4.66
 -1.91
 -87.76
 -4.19
 -0.45
 -86.96
 -4.29
 -0.03
 -87.14
 -3.79
 0.43
 -87.25
 -4.13
 -1.31
 -88.50
 -4.00
 -0.12
 -87.36
 -3.54
 0.95
 -87.66
 -3.69
 0.52
 -86.72
 -3.33
 0.63
 -87.82
 -3.65
 0.80
 -86.45
 -3.50
 2.95
 -86.54
 -3.60
 1.75
 -86.75
 -1.53
 3.06
 -85.98
 0.33
 5.40
 -88.58
 -0.08
 0.75
 -92.10
 0.43
 -1.70
 -94.62
 -0.50
 -5.59
 -101.81
 -4.16
 -10.50
 -106.54
 -7.82
 -12.18
 -119.74
 -3.53
 -16.19
 -148.64
 -7.31
 -16.01
 -154.55
 -9.89
 -13.62
 -132.42
 -3.83
 -14.26
 142.75
 2.66
 -14.49
 115.04
 4.27
 -14.76
 106.19
 2.61
 -10.04
 104.02
 3.40
 -8.42
 110.94
 4.39
 -9.02
 112.32
 4.91
 -10.18
 117.87
 3.48
 -10.52
 119.80
 5.10
 -11.65
 115.72
 3.93
 -10.80
 115.70
 3.21
 -10.77
 115.66
 2.68
 -10.63
 120.46
 2.61
 -11.21
 117.50
 3.55
 -13.33
 120.20
 3.39
 -11.16
 118.94
 3.04
 -11.11
 117.33
 3.79
 -11.96
 116.52
 2.84
 -11.35
 116.89
 2.34
 -10.50
 115.70
 2.97
 -10.72
 115.33
 3.03
 -10.04
 113.31
 1.91
 -10.54
 116.78
 2.34
 -10.60
 115.45
 0.91
 -10.43
 115.17
 1.17
 -12.32
 117.14
 1.95
 -12.51
 120.34
 -0.47
 -12.30
 113.29
 1.35
 -12.34
 113.90
 2.09
 -11.53
 116.47
 -0.70
 -11.59
 115.86
 -0.17
 -11.58
 114.85
 -0.47
 -11.37
 112.96
 -0.94
 -11.78
 112.82
 0.13
 -11.28
 108.24
 -0.45
 -10.68
 112.53
 -0.37
 -11.12
 113.32
 -0.58
 -12.38
 114.47
 -0.04
 -10.81
 109.94
 -0.42
 -10.49
 112.71
 -0.51
 -10.88
 108.59
 -0.60
 -10.86
 113.12
 -2.08
 -10.15
 107.33
 -2.28
 -11.58
 109.30
 -0.40
 -11.42
 116.53
 -1.74
 -9.92
 103.95
 -2.35
 -10.57
 107.22
 -2.54
 -11.21
 107.76
 -3.78
 -10.86
 109.69
 -3.75
 -10.99
 106.37
 -3.85
 -11.19
 105.96
 -3.77
 -11.53
 112.33
 -3.84
 -10.49
 103.69
 -3.94
 -11.76
 113.27
 -3.76
 -10.91
 108.17
 -3.64
 -9.62
 108.25
 -4.19
 -9.58
 106.18
 -4.19
 -9.29
 105.74
 -4.17
 -8.87
 104.77
 -4.35
 -9.87
 108.08
 -5.26
 -9.99
 105.21
 -6.21
 -9.44
 103.57
 -4.61
 -9.56
 107.37
 -3.51
 -7.44
 108.01
 -4.64
 -8.42
 115.92
 -4.94
 -8.46
 112.20
 -5.29
 -7.68
 106.57
 -4.97
 -7.93
 107.53
 -5.71
 -8.32
 111.76
 -4.78
 -7.62
 111.94
 -4.75
 -5.87
 103.96
 -6.22
 -6.48
 106.83
 -6.07
 -6.24
 103.78
 -5.84
 -6.11
 106.93
 -5.35
 -6.44
 109.87
 -6.11
 -5.34
 102.99
 -6.33
 -5.88
 110.30
 -6.42
 -5.62
 108.51
 -5.97
 -5.31
 111.81
 -6.49
 -5.37
 109.11
 -6.65
 -5.12
 110.50
 -6.41
 -5.61
 114.13
 -6.33
 -4.24
 104.62
 -6.26
 -3.33
 105.03
 -6.07
 -5.00
 118.53
 -6.48
 -4.08
 111.16
 -6.29
 -3.59
 109.88
 -5.76
 -3.31
 107.84
 -5.27
 -2.93
 106.86
 -5.98
 -3.92
 113.04
 -6.01
 -3.53
 108.99
 -6.20
 -2.85
 107.74
 -5.80
 -2.20
 104.01
 -6.92
 -3.36
 111.46
 -6.81
 -3.41
 109.89
 -6.54
 -3.36
 110.19
 -6.50
 -2.69
 105.02
 -6.21
 -3.35
 110.11
 -4.91
 -4.68
 110.80
 -6.46
 -10.70
 132.22
 -8.58
 -15.02
 166.10
 -14.40
 -15.31
 -150.22
 -13.85
 -32.22
 -139.05
 -10.62
 -25.38
 -81.77
 -11.28
 -18.89
 -76.26
 -9.75
 -14.67
 -78.15
 -6.66
 -8.25
 -81.06
 -3.46
 -4.01
 -80.86
 -0.77
 -0.67
 -80.12
 -0.55
 1.03
 -82.61
 -0.97
 2.15
 -82.80
 -0.58
 1.40
 -83.86
 -1.12
 2.04
 -83.00
 -1.12
 1.98
 -82.99
 -1.02
 1.90
 -82.63
 -0.70
 1.82
 -83.97
 -0.65
 1.70
 -84.31
 -0.66
 1.70
 -83.43
 -0.36
 1.39
 -84.27
 -0.96
 1.44
 -84.15
 -0.69
 1.99
 -83.89
 -0.77
 2.49
 -84.92
 -1.18
 2.46
 -83.71
 -1.03
 2.29
 -84.37
 -0.76
 2.68
 -84.97
 -0.60
 2.65
 -85.52
 -0.51
 2.74
 -85.01
 -0.40
 3.09
 -85.76
 -0.44
 2.96
 -85.62
 -0.34
 3.11
 -84.62
 -0.34
 3.08
 -85.31
 -0.30
 3.01
 -84.35
 -0.02
 3.02
 -85.42
 -0.18
 2.78
 -85.38
 -0.08
 2.74
 -84.51
 0.11
 3.12
 -84.73
 0.07
 3.40
 -83.94
 -0.01
 2.84
 -84.74
 -0.05
 3.01
 -84.92
 -6.22
 3.31
 -81.12
 -2.41
 3.43
 -81.92
 -1.17
 3.02
 -83.32
 -0.62
 2.65
 -84.48
 -0.21
 2.90
 -84.81
 -0.10
 3.48
 -82.98
 -0.40
 3.22
 -83.57
 -0.84
 2.81
 -83.50
 -0.55
 2.68
 -85.07
 -0.32
 2.90
 -84.42
 -0.26
 2.85
 -84.81
 -0.19
 2.84
 -84.67
 -0.20
 2.94
 -83.66
 -0.04
 2.87
 -84.56
 0.02
 2.77
 -85.52
 -0.21
 2.71
 -84.79
 -0.60
 1.93
 -84.41
 -0.49
 2.85
 -83.74
 -0.39
 2.05
 -84.97
 -0.69
 2.29
 -84.84
 -0.50
 2.32
 -84.50
 -0.31
 2.01
 -85.44
 -0.23
 3.16
 -81.84
 -0.37
 2.38
 -83.73
 -0.34
 2.47
 -83.55
 -0.09
 2.34
 -84.30
 0.11
 2.03
 -84.58
 0.13
 1.15
 -87.14
 0.29
 1.41
 -84.45
 0.57
 1.66
 -84.92
 0.14
 2.20
 -83.91
 0.12
 2.20
 -84.36
 0.10
 2.04
 -83.91
 -0.03
 1.48
 -85.45
 0.10
 2.38
 -83.29
 0.25
 2.09
 -84.36
 0.37
 1.37
 -85.19
 0.54
 1.80
 -84.17
 0.61
 1.79
 -84.77
 0.60
 1.88
 -84.46
 0.95
 1.36
 -83.71
 0.69
 1.53
 -83.95
 0.50
 1.67
 -83.97
 0.53
 1.38
 -85.07
 0.66
 1.28
 -84.41
 0.73
 1.21
 -85.13
 0.90
 1.71
 -84.55
 0.84
 1.71
 -84.48
 0.64
 1.54
 -84.98
 0.69
 1.62
 -85.34
 0.73
 1.86
 -84.39
 0.77
 1.62
 -84.65
 0.85
 1.32
 -85.27
 0.75
 1.37
 -85.21
 0.72
 1.60
 -84.89
 0.76
 1.92
 -83.08
 -3.64
 1.98
 -81.12
 -1.09
 1.80
 -83.05
 0.07
 1.43
 -84.71
 0.40
 1.67
 -84.37
 0.84
 1.41
 -84.92
 1.01
 1.48
 -84.21
 0.95
 1.02
 -85.49
 0.94
 1.73
 -84.82
 0.80
 2.32
 -84.32
 0.93
 1.79
 -84.26
 0.86
 1.53
 -85.55
 0.78
 1.69
 -84.58
 0.84
 1.23
 -86.08
 0.86
 1.30
 -85.23
 0.92
 1.30
 -85.77
 0.86
 1.60
 -84.34
 0.93
 1.23
 -85.67
 1.21
 1.51
 -84.15
 0.19
 3.13
 -84.55
 0.52
 4.02
 -84.06
 0.69
 6.64
 -86.21
 1.95
 10.63
 -86.58
 2.85
 16.31
 -87.65
 4.69
 19.66
 -89.62
 4.64
 24.27
 -87.93
 6.69
 29.91
 -89.83
 7.38
 36.74
 -89.91
 7.26
 42.43
 -93.36
 10.21
 47.73
 -98.41
 10.84
 53.87
 -102.58
 9.02
 59.78
 -100.58
 6.35
 66.24
 -99.41
 3.97
 70.80
 -96.74
 0.46
 75.98
 -94.67
 -2.62
 80.66
 -91.23
 -4.46
 81.78
 -94.51
 -4.36
 82.39
 -92.87
 -3.68
 82.25
 -93.90
 -3.52
 82.74
 -94.79
 -3.42
 83.06
 -92.81
 -3.85
 83.33
 -94.10
 -3.94
 83.15
 -92.10
 -3.91
 83.16
 -91.12
 -3.57
 83.26
 -93.48
 -5.04
 83.87
 -89.78
 -4.12
 83.00
 -92.43
 -3.80
 82.83
 -93.33
 -3.73
 82.63
 -95.02
 -3.80
 83.13
 -92.88
 -3.46
 83.08
 -96.09
 -3.64
 83.51
 -91.89
 -3.44
 82.95
 -92.59
 -3.25
 82.46
 -94.67
 -3.33
 80.01
 -93.29
 -2.64
 75.77
 -94.06
 -3.43
 68.84
 -91.95
 -5.33
 60.41
 -88.84
 -6.95
 48.66
 -85.69
 -6.76
 34.47
 -81.24
 -9.06
 25.72
 -76.79
 -12.99
 21.07
 -72.76
 -12.81
 21.10
 -71.25
 -12.01
 20.89
 -75.89
 -11.41
 20.00
 -77.25
 -9.08
 15.44
 -79.05
 -7.14
 12.20
 -80.74
 -4.00
 7.49
 -83.59
 -2.40
 6.08
 -85.66
 -1.86
 9.29
 -84.54
 -1.50
 6.74
 -86.73
 -0.74
 4.22
 -87.17
 -0.72
 4.65
 -86.39
 -0.37
 3.88
 -87.28
 -0.39
 3.38
 -88.04
 -0.53
 3.58
 -86.95
 -0.68
 2.48
 -87.25
 -0.48
 1.65
 -86.84
 -0.49
 2.16
 -87.12
 -1.17
 1.82
 -87.27
 -1.07
 1.06
 -87.49
 -0.93
 0.84
 -87.89
 -0.78
 0.56
 -88.00
 -0.91
 0.80
 -87.39
 -0.94
 0.39
 -86.58
 0.96
 -1.27
 -88.93
 4.02
 -4.33
 -90.40
 7.96
 -8.63
 -89.66
 10.59
 -7.31
 -88.47
 16.93
 -7.51
 -89.16
 30.74
 -4.94
 -96.56
 49.24
 -7.69
 -99.41
 61.83
 -16.48
 -107.34
 71.32
 -31.57
 -124.50
 77.01
 -24.61
 -123.70
 80.56
 -11.16
 -104.37
 83.45
 -3.73
 -101.76
 84.85
 22.18
 -95.72
 84.94
 35.90
 -93.38
 85.06
 65.05
 -93.34
 82.95
 18.24
 -93.53
 84.99
 28.21
 -94.18
 85.22
 55.97
 -94.28
 85.19
 94.61
 -94.51
 85.09
 110.54
 -97.64
 85.05
 108.50
 -97.87
 85.01
 129.52
 -100.71
 84.89
 125.61
 -104.43
 85.08
 129.34
 -100.48
 85.11
 128.04
 -101.94
 85.07
 137.89
 -113.60
 85.07
 136.82
 -108.92
 85.12
 144.81
 -112.07
 85.13
 138.70
 -43.76
 85.13
 135.72
 -108.10
 85.13
 124.55
 -96.80
 85.20
 75.13
 -98.00
 84.73
 -11.37
 -103.49
 82.77
 6.27
 -99.27
 81.44
 4.67
 -98.63
 76.80
 8.06
 -95.54
 68.24
 2.59
 -89.01
 57.59
 -0.28
 -85.83
 42.21
 0.89
 -80.48
 29.60
 0.21
 -75.56
 20.81
 -0.66
 -73.72
 13.89
 -1.40
 -76.24
 6.49
 -1.40
 -77.19
 2.42
 -0.51
 -80.25
 -0.46
 -0.92
 -82.11
 -2.63
 -1.33
 -82.55
 -1.40
 -1.77
 -85.48
 -1.15
 -1.14
 -86.97
 0.43
 -0.80
 -89.44
 0.57
 0.55
 -89.09
 -0.06
 0.79
 -90.96
 0.10
 1.40
 -89.74
 0.58
 0.59
 -92.24
 0.23
 1.90
 -89.04
 0.30
 1.33
 -91.34
 0.25
 1.94
 -89.32
 0.03
 2.01
 -89.43
 -0.05
 1.98
 -89.78
 0.15
 1.54
 -90.86
 -0.12
 1.18
 -92.14
 -0.28
 1.64
 -90.62
 -0.29
 1.77
 -89.99
 -0.05
 2.15
 -88.91
 0.18
 1.76
 -89.85
 -0.40
 1.61
 -89.98
 -0.59
 1.56
 -90.43
 -0.30
 1.31
 -91.14
 -0.30
 1.14
 -90.75
 -0.29
 1.03
 -90.31
 -0.25
 1.22
 -90.10
 -0.20
 1.21
 -89.24
 -0.68
 1.18
 -90.62
 -0.69
 1.08
 -89.45
 -0.55
 0.93
 -90.40
 -0.58
 1.14
 -89.20
 -0.56
 0.71
 -90.19
 -0.66
 0.64
 -89.31
 -0.43
 0.40
 -90.28
 -0.43
 0.41
 -90.89
 -0.44
 0.29
 -91.43
 -0.62
 0.30
 -91.16
 -0.69
 0.78
 -89.73
 -0.29
 0.19
 -90.12
 -0.08
 0.16
 -90.29
 0.94
 -1.60
 -92.23
 4.71
 -1.21
 -91.42
 13.89
 -2.01
 -94.07
 26.80
 -3.48
 -95.46
 40.20
 -10.88
 -99.94
 50.60
 -10.99
 -101.12
 60.66
 -12.85
 -105.19
 69.39
 -23.96
 -114.53
 72.10
 -37.79
 -155.52
 74.66
 -37.97
 -137.61
 76.43
 -37.24
 -4.08
 78.39
 -32.32
 -124.06
 79.95
 -33.27
 -117.26
 81.75
 -36.45
 45.36
 82.97
 -44.29
 118.31
 83.58
 -48.67
 106.33
 84.85
 -53.09
 104.56
 85.02
 -148.47
 94.36
 84.21
 172.57
 94.82
 83.62
 151.13
 113.19
 84.11
 139.12
 -102.37
 84.01
 139.17
 -95.00
 83.98
 146.80
 -157.61
 84.21
 141.71
 -107.04
 84.13
 142.57
 -132.89
 83.71
 141.83
 -109.87
 83.59
 141.26
 -105.74
 83.67
 141.48
 -104.38
 83.62
 145.86
 -123.63
 83.67
 144.81
 -124.93
 83.83
 144.21
 -128.26
 83.97
 143.89
 -124.17
 84.10
 140.74
 -116.09
 84.26
 142.46
 -125.24
 84.42
 144.89
 -60.01
 84.32
 152.25
 104.68
 84.45
 155.50
 107.28
 84.48
 157.76
 101.32
 84.31
 152.60
 116.63
 84.30
 154.51
 107.37
 84.48
 154.57
 106.09
 84.47
 145.65
 -22.36
 84.32
 152.43
 110.60
 84.40
 148.92
 115.77
 84.51
 148.55
 131.67
 84.48
 145.68
 19.97
 84.33
 144.72
 -44.62
 84.17
 140.42
 -116.83
 84.26
 139.77
 -103.96
 84.26
 148.23
 -32.90
 84.33
 150.40
 123.57
 84.58
 72.90
 -34.65
 84.88
 121.63
 -93.70
 84.87
 148.97
 71.00
 84.70
 156.10
 105.68
 84.64
 165.39
 98.61
 84.57
 163.09
 96.95
 84.36
 153.16
 99.97
 84.24
 152.80
 100.81
 84.20
 151.77
 105.22
 84.37
 148.39
 112.60
 84.45
 146.72
 -30.22
 84.51
 151.52
 105.39
 84.42
 145.09
 33.31
 84.42
 142.41
 -83.63
 84.31
 144.10
 -109.39
 84.18
 138.59
 -116.46
 84.25
 140.66
 -107.97
 84.29
 139.23
 -102.40
 84.18
 140.68
 -108.84
 84.15
 139.19
 -98.78
 84.24
 142.85
 -113.47
 84.06
 138.62
 -99.80
 83.97
 146.28
 126.21
 84.13
 148.75
 49.88
 84.20
 145.73
 -82.51
 83.98
 145.87
 -76.20
 84.05
 147.53
 -69.44
 84.09
 145.52
 -68.10
 84.12
 146.65
 -37.98
 84.17
 148.78
 72.20
 83.98
 146.03
 29.15
 84.07
 147.87
 16.92
 84.08
 156.67
 100.86
 84.09
 150.34
 96.14
 84.02
 148.12
 110.07
 84.04
 147.48
 90.82
 84.03
 145.42
 -74.40
 83.87
 147.14
 135.78
 84.06
 143.32
 -66.61
 84.07
 145.89
 -28.45
 83.80
 145.29
 30.76
 83.98
 149.53
 50.13
 83.94
 149.10
 107.82
 84.07
 144.23
 27.78
 83.87
 141.30
 -78.17
 83.90
 147.66
 -11.10
 83.98
 148.53
 119.07
 84.40
 110.23
 -85.10
 84.11
 132.58
 -91.36
 83.99
 138.45
 -91.70
 84.02
 147.06
 -56.50
 83.80
 150.01
 83.86
 83.51
 151.48
 102.11
 83.67
 149.97
 51.43
 83.73
 155.85
 98.13
 84.47
 124.37
 -87.79
 84.15
 138.48
 -91.91
 83.92
 141.85
 -99.62
 83.91
 146.36
 41.35
 83.85
 148.45
 69.55
 83.77
 152.19
 91.84
 83.77
 152.52
 87.91
 83.50
 149.46
 100.43
 83.45
 151.62
 94.24
 83.84
 149.35
 74.97
 83.74
 156.48
 97.49
 83.83
 149.25
 88.06
 83.54
 152.51
 95.85
 83.45
 151.90
 92.19
 83.52
 154.72
 85.37
 83.47
 154.01
 89.81
 83.42
 154.39
 89.56
 83.51
 157.54
 92.05
 83.44
 152.87
 95.28
 83.50
 152.26
 90.97
 83.63
 154.42
 93.22
 83.59
 155.32
 89.72
 83.32
 154.97
 95.11
 83.28
 154.20
 92.22
 83.34
 154.72
 87.61
 83.37
 153.91
 89.16
 83.46
 152.89
 82.04
 83.38
 151.91
 85.09
 83.42
 151.57
 76.02
 83.41
 150.08
 92.45
 83.38
 150.73
 86.31
 83.35
 151.03
 92.67
 83.31
 145.67
 5.69
 83.25
 144.58
 -42.37
 83.29
 149.40
 74.15
 83.22
 154.53
 87.56
 83.03
 145.55
 10.69
 83.29
 148.64
 100.00
 83.13
 155.08
 93.79
 83.36
 156.41
 89.27
 83.25
 151.09
 87.97
 83.04
 138.76
 -71.35
 83.07
 146.29
 -74.24
 83.18
 146.77
 16.03
 83.39
 147.37
 36.66
 83.81
 157.70
 90.17
 83.96
 157.85
 91.44
 83.88
 155.68
 95.62
 83.85
 150.83
 93.80
 83.82
 147.29
 120.33
 83.93
 142.42
 -69.36
 83.87
 145.86
 -114.27
 83.88
 145.12
 -109.39
 83.82
 135.20
 -101.30
 83.87
 138.94
 -94.16
 83.90
 134.27
 -90.91
 84.12
 134.36
 -93.22
 84.14
 139.44
 -101.92
 84.31
 123.42
 -92.87
 84.26
 120.93
 -94.28
 84.15
 120.84
 -93.93
 84.15
 111.87
 -92.35
 84.56
 123.83
 -97.44
 84.67
 117.10
 -93.73
 84.83
 108.45
 -93.98
 84.53
 53.01
 -92.70
 84.78
 52.90
 -93.06
 85.07
 65.78
 -94.15
 85.11
 60.91
 -93.32
 85.19
 57.00
 -93.13
 85.26
 52.99
 -93.65
 85.24
 40.09
 -93.00
 85.25
 34.50
 -93.97
 85.22
 14.18
 -93.96
 85.18
 -21.40
 -98.07
 85.22
 -12.24
 -97.59
 85.25
 -21.86
 -101.33
 85.23
 -15.89
 -101.75
 85.24
 -44.76
 55.71
 85.18
 -48.75
 108.17
 85.19
 -50.91
 109.36
 85.19
 -37.74
 125.52
 85.02
 -46.46
 106.48
 85.12
 -47.48
 110.47
 85.03
 -38.63
 116.16
 84.93
 -46.49
 98.88
 84.88
 -35.79
 -133.87
 84.95
 -22.86
 -96.44
 84.80
 -23.94
 -104.42
 84.73
 -29.14
 -115.68
 84.82
 -36.06
 -138.61
 84.81
 -36.39
 -31.88
 84.75
 -29.67
 -108.72
 84.71
 -33.02
 -141.40
 84.77
 -34.53
 -145.66
 84.81
 -30.72
 -137.22
 84.76
 -35.01
 -152.51
 84.74
 -41.27
 43.80
 84.68
 -29.25
 -80.63
 84.65
 -31.70
 -136.16
 84.73
 -33.19
 -23.43
 84.95
 -45.22
 82.95
 85.09
 -6.58
 -89.04
 85.17
 33.91
 -96.10
 85.09
 37.05
 -94.46
 85.20
 46.32
 -93.42
 85.16
 55.74
 -93.83
 85.14
 52.93
 -93.62
 85.03
 49.42
 -93.48
 85.14
 64.41
 -94.34
 85.21
 39.15
 -93.63
 85.16
 29.71
 -94.23
 85.18
 6.30
 -94.86
 85.19
 -3.56
 -96.67
 85.18
 5.58
 -95.80
 85.18
 3.01
 -95.64
 85.12
 14.00
 -94.75
 85.21
 0.56
 -96.41
 85.19
 13.52
 -95.83
 85.18
 17.38
 -94.39
 85.15
 26.39
 -94.00
 85.20
 44.07
 -93.34
 85.14
 66.80
 -93.89
 85.12
 65.01
 -93.97
 85.16
 65.98
 -93.48
 85.12
 75.46
 -93.54
 84.56
 74.43
 -93.19
 84.32
 77.26
 -93.00
 84.19
 82.94
 -93.73
 83.91
 87.97
 -92.80
 83.99
 88.89
 -93.16
 83.95
 88.21
 -93.00
 83.94
 89.90
 -93.49
 83.87
 87.02
 -92.42
 83.91
 85.28
 -93.61
 83.73
 82.33
 -92.44
 83.95
 88.13
 -92.30
 83.84
 87.84
 -92.60
 83.83
 88.57
 -92.56
 84.18
 89.91
 -93.22
 83.88
 88.46
 -92.91
 83.91
 89.03
 -91.99
 83.94
 89.40
 -91.97
 83.94
 89.05
 -91.42
 84.12
 95.76
 -93.65
 83.94
 90.01
 -92.92
 84.01
 92.22
 -93.17
 83.89
 89.90
 -92.35
 83.77
 93.23
 -92.66
 83.66
 93.58
 -92.19
 83.87
 94.95
 -92.90
 84.06
 95.32
 -93.63
 84.00
 98.02
 -94.18
 84.06
 86.70
 -92.58
 84.28
 86.11
 -92.57
 84.00
 91.25
 -93.49
 83.90
 91.15
 -93.59
 83.61
 92.86
 -92.39
 83.60
 93.72
 -92.92
 83.92
 95.28
 -93.11
 83.75
 93.60
 -92.09
 83.58
 92.36
 -91.95
 83.41
 93.81
 -92.35
 83.68
 96.80
 -92.96
 83.80
 96.46
 -92.20
 83.63
 98.34
 -92.47
 83.64
 98.99
 -92.23
 83.83
 101.86
 -93.34
 83.71
 99.20
 -91.76
 83.76
 101.22
 -92.46
 83.72
 99.66
 -93.00
 83.86
 99.08
 -92.89
 83.96
 95.62
 -92.93
 84.17
 83.71
 -92.81
 84.07
 36.21
 -93.76
 74.66
 2.62
 -90.80
 58.98
 2.53
 -80.90
 40.50
 0.96
 -72.05
 22.85
 -4.34
 -69.04
 10.50
 -10.47
 -68.90
 0.94
 -8.36
 -71.90
 -6.06
 -6.81
 -74.51
 -9.73
 -7.80
 -79.45
 -10.00
 -5.85
 -82.84
 -10.57
 -3.39
 -84.53
 -9.29
 -4.52
 -86.53
 -7.55
 -5.81
 -89.19
 -7.16
 -4.85
 -86.94
 -7.22
 -4.37
 -89.07
 -7.57
 -1.48
 -88.44
 -6.55
 -0.86
 -87.14
 -6.90
 -0.03
 -87.08
 -7.16
 -1.53
 -88.82
 -7.13
 -0.50
 -87.12
 -6.90
 -2.30
 -89.21
 -6.82
 -1.71
 -88.93
 -6.52
 -1.92
 -88.82
 -5.72
 -1.79
 -87.77
 -6.09
 -1.81
 -86.29
 -6.35
 -2.16
 -87.29
 -6.15
 -1.93
 -86.48
 -6.45
 -2.39
 -87.82
 -5.88
 -3.27
 -87.09
 -6.01
 -3.09
 -86.76
 -5.93
 -3.22
 -87.16
 -6.03
 -2.89
 -86.72
 -6.13
 -3.12
 -87.65
 -6.35
 -2.92
 -86.86
 -6.31
 -2.78
 -87.31
 -6.47
 -3.28
 -88.69
 -6.40
 -3.53
 -89.52
 -6.28
 -2.98
 -86.79
 -6.64
 -3.11
 -88.30
 -6.59
 -2.47
 -86.37
 -6.42
 -2.74
 -86.80
 -6.14
 -2.74
 -88.22
 -6.23
 -2.32
 -87.10
 -6.79
 -2.09
 -86.59
 -5.86
 -3.48
 -87.50
 -5.29
 -3.07
 -86.85
 -5.24
 -3.22
 -85.54
 -8.25
 -6.04
 -87.75
 -7.00
 -4.36
 -88.28
 -4.99
 -3.29
 -87.57
 -4.11
 -3.74
 -87.19
 -2.79
 -1.77
 -88.15
 -1.71
 -1.51
 -86.48
 -2.93
 -2.87
 -88.20
 -2.52
 -3.39
 -88.29
 -1.69
 -2.96
 -87.91
 -2.73
 -1.57
 -87.80
 -3.41
 -2.58
 -88.10
 -3.13
 -1.62
 -86.92
 -2.38
 -1.23
 -87.52
 0.36
 -1.00
 -88.74
 2.84
 -0.33
 -87.07
 5.62
 -1.03
 -88.81
 8.97
 -1.09
 -87.03
 12.71
 -1.10
 -89.93
 19.42
 -0.86
 -89.09
 23.03
 0.80
 -86.56
 26.92
 -0.33
 -84.57
 31.40
 -0.78
 -86.75
 35.99
 -3.03
 -86.11
 41.57
 -2.51
 -88.18
 47.39
 -3.40
 -88.33
 53.51
 -2.45
 -88.39
 58.71
 -3.08
 -88.50
 64.43
 -7.11
 -90.38
 70.25
 -5.03
 -92.62
 74.63
 -6.75
 -94.02
 77.31
 -8.04
 -91.95
 80.81
 -7.65
 -95.87
 83.00
 15.90
 -94.31
 83.33
 53.74
 -91.10
 84.60
 121.34
 -91.82
 83.08
 159.38
 66.48
 81.53
 -174.58
 83.70
 80.92
 179.36
 80.61
 80.24
 175.99
 76.70
 78.66
 -177.51
 76.97
 77.47
 176.75
 73.55
 77.38
 169.75
 69.17
 77.66
 166.66
 65.53
 77.14
 168.31
 66.98
 76.44
 167.04
 63.98
 76.23
 164.10
 58.13
 76.15
 165.67
 58.18
 75.47
 167.89
 59.65
 74.88
 171.71
 61.53
 74.91
 168.93
 60.43
 74.39
 170.09
 58.06
 73.87
 173.38
 60.86
 73.52
 172.67
 61.37
 72.78
 173.15
 60.14
 72.98
 172.90
 59.03
 72.92
 171.88
 59.87
 72.80
 173.16
 58.66
 72.60
 172.60
 59.67
 72.68
 172.94
 58.84
 72.43
 172.83
 58.50
 72.19
 174.33
 59.79
 72.09
 174.31
 59.49
 72.13
 174.25
 58.90
 72.08
 173.63
 59.11
 71.89
 173.98
 60.01
 72.08
 174.78
 59.16
 71.95
 175.92
 60.01
 72.11
 176.35
 60.88
 71.93
 176.54
 61.29
 72.01
 178.03
 60.62
 71.23
 178.88
 63.24
 71.45
 178.57
 62.96
 71.52
 176.68
 61.58
 70.79
 173.65
 58.71
 69.96
 171.59
 54.77
 69.36
 172.31
 52.77
 70.25
 172.87
 53.61
 72.04
 172.48
 58.47
 73.43
 169.60
 58.05
 74.40
 167.14
 56.02
 74.84
 169.04
 62.17
 74.77
 171.38
 62.59
 75.22
 170.41
 64.01
 75.70
 168.89
 63.65
 75.81
 168.57
 61.86
 75.59
 168.20
 62.12
 75.62
 168.49
 62.25
 75.73
 168.88
 62.99
 75.81
 169.37
 63.87
 75.91
 169.57
 64.31
 76.13
 170.78
 65.83
 76.63
 172.06
 68.72
 76.28
 171.62
 67.50
 76.07
 172.71
 68.19
 76.41
 172.85
 68.96
 77.04
 173.00
 68.89
 77.22
 171.97
 69.63
 77.58
 172.43
 72.37
 78.19
 170.47
 69.97
 78.50
 168.06
 70.83
 78.82
 168.78
 72.23
 79.28
 168.03
 73.40
 79.71
 168.17
 74.35
 79.73
 169.02
 75.65
 79.82
 169.20
 76.05
 79.94
 169.79
 77.06
 79.91
 168.78
 75.52
 79.66
 167.84
 75.95
 80.04
 166.42
 75.50
 80.13
 162.30
 71.73
 80.12
 155.19
 66.01
 79.91
 152.11
 55.03
 80.28
 150.07
 43.16
 80.65
 154.78
 64.30
 80.93
 154.24
 65.25
 81.23
 156.91
 71.69
 81.79
 156.99
 72.98
 81.55
 156.62
 78.94
 81.94
 156.93
 75.82
 82.03
 161.03
 81.59
 82.14
 166.13
 81.31
 81.65
 177.23
 85.14
 82.14
 -174.25
 85.64
 82.43
 -171.17
 86.71
 82.38
 -168.14
 86.45
 82.44
 -160.01
 87.38
 82.36
 -165.86
 88.46
 82.60
 -165.13
 88.83
 83.04
 -162.42
 88.01
 83.08
 -168.71
 89.43
 83.20
 -169.95
 89.85
 83.41
 -175.40
 89.98
 83.70
 177.60
 89.24
 83.69
 175.46
 88.86
 83.61
 167.63
 89.39
 83.71
 166.99
 89.07
 83.54
 164.08
 88.59
 83.52
 162.83
 88.59
 83.43
 163.29
 91.78
 83.43
 159.37
 88.27
 83.40
 160.64
 87.41
 83.64
 165.24
 88.83
 83.46
 165.22
 89.82
 83.57
 165.22
 89.86
 83.84
 169.77
 89.12
 83.67
 171.57
 90.49
 83.78
 173.10
 91.18
 83.77
 172.99
 91.23
 83.88
 166.71
 90.91
 83.95
 167.61
 90.69
 84.02
 160.81
 92.36
 83.95
 156.66
 94.73
 83.91
 155.46
 92.97
 84.00
 160.92
 93.32
 84.27
 166.83
 92.61
 84.31
 162.21
 90.80
 84.22
 162.37
 93.15
 84.17
 160.53
 94.04
 84.12
 155.62
 95.59
 84.34
 151.25
 96.22
 84.25
 138.46
 -54.14
 83.96
 133.63
 -104.06
 84.15
 133.56
 -99.78
 84.07
 136.57
 -102.81
 84.03
 138.27
 -109.58
 84.16
 135.34
 -105.70
 84.20
 131.94
 -94.61
 84.32
 139.20
 -101.42
 84.29
 150.61
 88.03
 84.42
 157.54
 94.73
 84.17
 159.48
 95.61
 84.15
 166.56
 93.95
 84.01
 176.54
 91.51
 83.83
 167.55
 91.74
 84.26
 160.27
 90.76
 84.46
 152.13
 95.23
 84.61
 108.42
 -89.12
 83.00
 41.15
 -92.20
 72.61
 13.49
 -91.42
 54.04
 5.08
 -77.09
 40.24
 3.62
 -73.27
 28.08
 1.26
 -70.99
 16.76
 0.55
 -69.64
 5.08
 -0.25
 -71.05
 -0.76
 4.53
 -73.50
 -3.91
 1.15
 -74.29
 -7.00
 -4.18
 -75.79
 -8.70
 -3.94
 -79.61
 -12.21
 -5.18
 -82.21
 -14.88
 -6.60
 -86.28
 -11.59
 -6.82
 -92.79
 -10.75
 -6.19
 -92.67
 -8.74
 -4.63
 -93.64
 -8.83
 -3.88
 -92.40
 -7.70
 -3.54
 -93.13
 -7.28
 0.31
 -89.92
 -5.54
 3.69
 -91.86
 -5.05
 4.69
 -89.23
 -4.59
 5.11
 -90.17
 -3.93
 9.17
 -88.61
 -1.50
 16.79
 -91.09
 0.59
 27.40
 -90.23
 3.72
 46.07
 -95.54
 9.99
 62.21
 -108.26
 9.16
 69.11
 -105.52
 6.31
 74.33
 -106.60
 8.12
 83.35
 -102.79
 6.13
 87.76
 -98.70
 0.53
 86.27
 -94.20
 0.02
 86.94
 -99.76
 0.98
 86.29
 -99.22
 0.80
 85.38
 -96.12
 0.93
 88.85
 -94.83
 0.30
 87.71
 -93.98
 -0.42
 85.67
 -98.55
 -1.37
 84.50
 -96.57
 -1.45
 84.67
 -99.80
 -1.53
 84.75
 -95.48
 -1.68
 84.59
 -96.93
 -1.04
 83.78
 -96.13
 -1.21
 84.41
 -92.95
 -1.36
 84.47
 -93.99
 -1.27
 84.34
 -93.31
 -1.66
 84.28
 -95.06
 -1.81
 84.14
 -93.51
 -1.68
 84.17
 -94.17
 -1.44
 84.08
 -92.28
 -1.90
 84.28
 -94.86
 -2.03
 84.15
 -93.56
 -1.91
 83.78
 -91.50
 -1.47
 84.25
 -90.56
 -2.01
 83.76
 -94.49
 -2.44
 83.48
 -89.87
 -3.25
 83.45
 -88.45
 -2.38
 81.78
 -88.39
 -2.98
 80.12
 -81.12
 -1.87
 78.70
 -78.62
 -1.19
 78.03
 -72.30
 -0.95
 78.44
 -70.51
 -0.00
 80.13
 -65.41
 0.96
 80.37
 -63.17
 3.23
 80.75
 -61.44
 2.07
 81.09
 -53.44
 0.30
 83.18
 -50.24
 -0.06
 85.11
 -48.79
 0.43
 85.17
 -47.67
 0.61
 84.70
 -47.58
 -0.90
 85.32
 -41.68
 0.52
 85.24
 -40.81
 1.16
 83.29
 -38.46
 0.12
 83.35
 -35.81
 -1.10
 84.86
 -33.53
 -1.71
 85.36
 -30.30
 -1.69
 84.95
 -28.55
 -1.36
 83.37
 -26.82
 0.54
 83.83
 -25.65
 -0.47
 86.07
 -24.78
 0.23
 88.72
 -23.06
 -1.11
 90.90
 -19.54
 -2.60
 91.28
 -17.29
 -3.68
 92.58
 -13.27
 -3.52
 92.29
 -12.09
 -4.21
 92.38
 -11.46
 -4.26
 92.94
 -11.21
 -4.50
 93.60
 -9.57
 -5.58
 93.43
 -9.22
 -6.87
 92.91
 -8.37
 -6.81
 93.76
 -6.72
 -6.41
 94.43
 -8.08
 -6.53
 94.00
 -6.28
 -6.20
 93.79
 -6.84
 -6.81
 94.12
 -6.00
 -6.68
 94.07
 -7.59
 -6.50
 94.79
 -6.57
 -6.77
 95.47
 -5.24
 -6.56
 95.09
 -6.75
 -6.44
 95.21
 -5.76
 -6.94
 94.88
 -6.35
 -6.61
 95.37
 -7.26
 -5.99
 95.36
 -7.80
 -6.32
 95.54
 -10.73
 -1.82
 96.80
 -21.60
 -2.43
 99.08
 -29.71
 0.38
 93.20
 -42.73
 1.23
 95.03
 -57.51
 0.56
 98.27
 -65.19
 0.85
 93.59
 -75.92
 0.98
 90.87
 -78.23
 1.04
 88.65
 -77.44
 0.16
 89.45
 -80.62
 0.84
 91.81
 -81.22
 -2.26
 93.24
 -79.87
 -1.13
 92.05
 -81.84
 0.32
 91.72
 -81.66
 -1.07
 91.33
 -79.52
 -1.36
 91.18
 -80.39
 -1.81
 92.86
 -80.14
 -2.08
 94.05
 -81.29
 -1.69
 94.13
 -79.88
 -1.16
 93.40
 -80.41
 -1.23
 93.11
 -80.34
 -1.49
 92.21
 -80.96
 -1.14
 91.26
 -82.68
 -2.24
 91.25
 -79.91
 -2.81
 90.38
 -78.17
 -3.75
 88.57
 -82.75
 -2.12
 87.52
 -80.14
 -2.35
 86.46
 -82.57
 -3.48
 87.03
 -82.44
 -2.61
 87.23
 -84.00
 -2.42
 87.52
 -79.27
 -2.69
 88.78
 -79.51
 -3.01
 88.71
 -81.42
 -3.25
 89.00
 -82.94
 -3.46
 88.83
 -78.25
 -3.45
 89.11
 -81.33
 -3.18
 88.33
 -84.73
 -5.08
 89.48
 -81.63
 -4.59
 87.49
 -84.33
 -3.01
 85.30
 -82.37
 -1.91
 85.29
 -82.87
 -2.27
 85.08
 -80.18
 -2.42
 85.46
 -80.80
 -1.83
 85.71
 -79.84
 -2.06
 85.98
 -82.44
 -2.40
 86.66
 -78.28
 -2.28
 87.91
 -80.41
 -2.22
 89.09
 -79.82
 -4.21
 90.41
 -80.12
 -5.02
 92.50
 -83.65
 -5.71
 92.99
 -80.47
 -4.90
 94.26
 -80.95
 -4.35
 95.70
 -82.98
 -4.37
 96.17
 -83.70
 -4.26
 96.58
 -83.46
 -4.61
 97.28
 -85.29
 -4.70
 97.62
 -84.35
 -3.98
 99.00
 -84.90
 -3.76
 100.07
 -85.92
 -5.20
 101.01
 -80.30
 -4.71
 102.58
 -83.85
 -4.84
 103.61
 -84.22
 -4.70
 103.67
 -84.76
 -4.33
 105.07
 -84.04
 -2.84
 107.65
 -85.20
 -3.37
 108.67
 -78.73
 -3.76
 110.35
 -86.33
 -4.11
 111.34
 -84.97
 -3.80
 113.04
 -84.25
 -2.59
 115.49
 -80.66
 -1.12
 118.70
 -80.08
 -0.38
 122.00
 -75.26
 0.27
 125.49
 -67.29
 -0.08
 128.56
 -63.03
 -1.53
 131.53
 -66.22
 -2.71
 134.71
 -73.47
 -2.27
 139.14
 -79.35
 -1.20
 142.39
 -69.31
 -0.71
 146.05
 -70.45
 -0.48
 147.87
 -69.88
 -0.60
 148.91
 -63.33
 -0.82
 151.43
 -68.23
 -0.42
 152.86
 -65.70
 -0.13
 154.59
 -65.36
 0.13
 155.74
 -63.00
 0.64
 156.64
 -55.54
 1.37
 158.89
 -58.72
 2.44
 161.83
 -52.04
 2.34
 164.69
 -55.72
 1.35
 165.71
 -53.09
 1.12
 166.65
 -51.27
 0.34
 166.95
 -49.95
 0.86
 167.49
 -47.92
 1.00
 168.83
 -43.13
 1.21
 169.77
 -42.85
 1.14
 170.48
 -43.70
 0.68
 170.76
 -47.42
 0.66
 170.94
 -44.62
 0.76
 171.52
 -45.23
 0.73
 171.83
 -49.70
 0.04
 172.29
 -48.96
 -0.35
 171.90
 -47.94
 -0.31
 172.73
 -49.89
 -0.41
 172.39
 -46.27
 -0.32
 172.88
 -49.80
 -0.16
 173.28
 -51.04
 0.08
 173.35
 -49.33
 0.26
 173.56
 -52.30
 0.28
 173.49
 -49.11
 0.36
 173.75
 -48.92
 0.85
 174.12
 -51.70
 0.75
 173.87
 -49.85
 0.81
 174.19
 -51.22
 0.41
 173.87
 -45.78
 0.54
 174.22
 -48.17
 0.56
 174.55
 -50.29
 0.64
 174.50
 -50.59
 0.80
 174.49
 -50.05
 1.12
 175.34
 -51.78
 0.86
 174.75
 -46.73
 1.05
 175.09
 -49.96
 1.17
 174.70
 -47.36
 1.51
 175.03
 -47.64
 1.90
 175.05
 -48.42
 1.69
 174.84
 -45.49
 1.67
 175.11
 -46.69
 1.68
 175.16
 -46.14
 1.76
 175.14
 -47.12
 2.01
 175.07
 -45.75
 1.72
 174.63
 -42.17
 1.93
 175.20
 -47.31
 1.97
 175.47
 -46.24
 2.03
 175.75
 -47.56
 1.93
 175.86
 -45.33
 2.35
 176.27
 -47.88
 2.12
 175.80
 -44.41
 2.00
 175.72
 -43.22
 2.40
 176.20
 -47.87
 2.53
 176.06
 -45.12
 2.58
 176.19
 -46.64
 2.59
 176.06
 -45.26
 2.78
 176.28
 -45.53
 2.81
 175.85
 -43.09
 3.20
 176.17
 -46.51
 3.10
 176.11
 -45.33
 2.96
 175.96
 -44.20
 2.96
 176.26
 -45.31
 2.72
 175.92
 -41.56
 2.92
 176.20
 -42.98
 2.84
 176.37
 -44.50
 2.56
 175.99
 -42.20
 2.66
 176.30
 -43.86
 3.06
 176.87
 -46.97
 3.18
 176.92
 -45.03
 3.51
 177.14
 -47.45
 3.29
 176.57
 -43.96
 3.97
 176.11
 -43.62
 3.52
 172.95
 -37.51
 3.95
 170.96
 -42.30
 3.20
 167.78
 -40.80
 3.61
 165.10
 -48.19
 3.48
 157.59
 -43.55
 2.47
 147.92
 -49.42
 2.95
 137.45
 -49.94
 3.35
 128.58
 -44.58
 4.02
 119.54
 -45.25
 4.21
 114.96
 -54.51
 7.81
 113.73
 -54.38
 4.28
 108.90
 -50.83
 3.63
 102.93
 -56.83
 3.45
 96.18
 -61.83
 2.78
 90.01
 -67.91
 1.75
 83.67
 -67.19
 0.53
 77.91
 -72.48
 0.57
 77.28
 -75.21
 0.64
 78.86
 -75.85
 1.66
 79.39
 -78.42
 1.12
 78.62
 -77.24
 0.72
 79.35
 -75.76
 1.09
 80.11
 -80.43
 1.37
 79.10
 -79.94
 1.41
 76.76
 -78.37
 0.76
 75.23
 -79.66
 0.57
 78.98
 -80.62
 1.10
 82.51
 -80.90
 1.41
 83.14
 -80.83
 1.52
 83.18
 -81.04
 1.71
 83.71
 -80.21
 1.97
 84.17
 -85.65
 1.95
 83.95
 -78.58
 1.96
 83.45
 -80.32
 1.84
 83.65
 -78.76
 1.73
 83.83
 -79.27
 2.07
 83.78
 -79.98
 2.09
 84.14
 -79.68
 2.59
 84.72
 -80.75
 2.66
 84.32
 -79.67
 2.65
 84.06
 -77.93
 2.51
 84.11
 -79.08
 2.39
 84.30
 -78.42
 2.60
 83.80
 -81.11
 2.53
 83.36
 -79.67
 2.37
 82.59
 -79.21
 2.26
 83.29
 -82.31
 2.27
 84.11
 -81.68
 2.72
 84.54
 -79.52
 3.45
 85.69
 -80.83
 3.27
 87.05
 -82.78
 3.43
 87.94
 -79.26
 3.41
 87.14
 -80.62
 3.19
 86.47
 -80.62
 2.69
 87.30
 -81.77
 2.60
 87.70
 -82.76
 2.69
 86.89
 -80.38
 3.06
 86.96
 -81.55
 3.17
 87.71
 -78.55
 3.18
 87.77
 -84.40
 3.48
 86.71
 -82.37
 3.47
 86.70
 -79.97
 3.63
 87.21
 -80.45
 3.52
 86.88
 -78.64
 3.56
 87.26
 -80.64
 3.91
 88.14
 -79.08
 4.35
 88.22
 -79.59
 3.98
 89.18
 -79.92
 4.42
 89.09
 -79.84
 4.48
 88.48
 -82.03
 5.11
 86.00
 -77.01
 3.97
 86.23
 -80.82
 4.22
 87.50
 -78.90
 3.90
 88.13
 -77.30
 4.10
 87.88
 -82.33
 4.02
 88.64
 -76.93
 4.44
 89.95
 -80.26
 4.29
 89.40
 -78.32
 4.40
 89.65
 -78.83
 4.21
 89.80
 -77.14
 4.46
 89.77
 -83.59
 4.91
 89.48
 -77.34
 4.83
 89.37
 -79.58
 4.84
 89.39
 -77.29
 4.90
 88.93
 -82.67
 4.79
 89.04
 -80.87
 4.88
 87.87
 -80.82
 5.13
 88.36
 -79.49
 5.39
 89.45
 -78.60
 5.14
 88.58
 -78.58
 4.81
 87.21
 -77.53
 4.66
 87.64
 -76.76
 4.87
 88.44
 -76.18
 5.18
 89.35
 -74.83
 7.80
 90.18
 -74.40
 9.30
 89.43
 -70.80
 6.49
 89.13
 -60.43
 5.11
 88.74
 -52.09
 4.57
 90.14
 -48.67
 2.80
 91.01
 -41.19
 1.24
 92.73
 -36.41
 1.82
 93.03
 -33.46
 0.84
 94.12
 -29.07
 -0.60
 99.14
 -23.94
 0.16
 102.63
 -22.16
 -2.20
 104.74
 -17.82
 -2.95
 105.93
 -17.52
 2.24
 104.77
 -27.94
 7.41
 96.73
 -43.05
 9.72
 90.80
 -55.42
 10.18
 87.00
 -70.24
 12.20
 88.31
 -76.32
 12.49
 89.75
 -76.00
 11.46
 89.87
 -74.66
 10.65
 89.04
 -76.03
 9.30
 88.95
 -73.83
 8.11
 89.50
 -72.33
 8.36
 87.93
 -72.65
 6.60
 84.58
 -78.02
 7.17
 85.09
 -82.51
 8.34
 85.33
 -81.76
 7.97
 85.20
 -78.90
 8.19
 84.39
 -84.62
 7.87
 84.44
 -83.38
 7.94
 84.44
 -83.62
 8.09
 84.09
 -86.28
 8.24
 83.93
 -84.16
 8.67
 84.35
 -82.94
 8.77
 83.99
 -84.89
 8.42
 83.20
 -83.09
 8.88
 84.09
 -82.86
 9.43
 84.40
 -80.07
 9.75
 85.11
 -83.49
 9.99
 85.49
 -77.50
 9.51
 84.39
 -81.30
 9.63
 84.66
 -82.17
 9.81
 85.35
 -78.93
 9.57
 84.50
 -80.06
 9.28
 84.79
 -80.38
 9.84
 85.47
 -78.69
 9.57
 85.27
 -80.95
 9.23
 84.87
 -79.82
 9.10
 85.11
 -82.59
 9.35
 85.04
 -82.20
 8.53
 84.60
 -80.54
 8.53
 84.84
 -81.86
 8.81
 84.69
 -81.17
 9.29
 84.87
 -80.52
 9.49
 86.87
 -81.17
 9.10
 85.33
 -78.33
 9.06
 83.92
 -82.29
 8.60
 83.62
 -80.59
 8.02
 83.70
 -80.39
 8.13
 83.76
 -79.78
 6.38
 83.83
 -80.14
 4.97
 84.32
 -78.85
 4.28
 85.15
 -82.83
 2.87
 85.28
 -84.61
 1.91
 85.47
 -86.60
 2.54
 84.96
 -84.28
 3.31
 84.72
 -84.81
 5.19
 84.55
 -87.51
 5.80
 84.46
 -83.59
 6.23
 84.96
 -84.49
 8.55
 85.50
 -85.50
 7.27
 85.98
 -79.65
 7.53
 85.27
 -85.11
 7.19
 83.07
 -80.04
 6.80
 82.69
 -84.04
 6.57
 83.13
 -79.98
 6.86
 83.25
 -82.66
 7.60
 82.59
 -85.35
 7.75
 83.44
 -81.66
 7.45
 83.92
 -85.25
 7.83
 83.99
 -81.65
 8.01
 83.52
 -85.10
 7.84
 82.85
 -81.98
 7.56
 82.83
 -82.51
 7.84
 83.18
 -83.68
 8.21
 83.36
 -82.20
 8.09
 82.66
 -82.88
 8.40
 83.04
 -84.96
 8.04
 83.20
 -84.57
 8.56
 82.89
 -81.16
 8.54
 81.90
 -81.02
 7.95
 81.47
 -82.11
 7.89
 81.52
 -83.52
 7.58
 81.38
 -82.71
 7.67
 81.60
 -84.72
 7.47
 81.53
 -82.31
 6.65
 80.83
 -85.05
 6.24
 81.70
 -84.12
 6.34
 81.81
 -81.95
 6.29
 81.66
 -83.21
 6.27
 81.69
 -83.89
 5.74
 81.95
 -84.28
 5.24
 81.52
 -83.31
 5.00
 80.33
 -85.54
 3.05
 82.11
 -84.44
 2.20
 81.54
 -82.05
 -2.35
 80.97
 -90.40
 -5.18
 81.65
 -87.80
 -6.81
 82.55
 -92.26
 -8.41
 82.87
 -94.04
 -11.70
 82.40
 -97.01
 -14.20
 81.40
 -93.51
 -19.10
 82.22
 -96.29
 -23.11
 82.72
 -99.28
 -25.94
 79.65
 -96.01
 -29.40
 78.53
 -94.67
 -33.86
 85.78
 -92.69
 -39.53
 88.70
 -97.70
 -45.57
 87.41
 -93.54
 -55.03
 82.22
 -86.49
 -62.68
 81.09
 -73.06
 -68.07
 86.76
 -68.48
 -70.35
 87.92
 -64.47
 -75.93
 99.16
 -59.83
 -77.41
 105.03
 -47.75
 -79.49
 119.29
 -31.62
 -81.47
 136.28
 13.25
 -82.30
 147.86
 39.63
 -83.03
 167.38
 53.96
 -84.11
 -178.87
 62.82
 -84.04
 166.16
 59.37
 -84.26
 172.24
 59.19
 -84.27
 169.60
 60.11
 -84.35
 157.39
 53.55
 -84.16
 172.30
 56.39
 -83.80
 158.60
 55.71
 -83.68
 173.62
 57.80
 -84.14
 169.09
 58.22
 -84.00
 151.57
 52.18
 -83.80
 155.21
 49.12
 -83.91
 178.86
 58.25
 -83.80
 -174.31
 62.40
 -83.69
 -170.16
 63.81
 -83.95
 -165.89
 64.70
 -83.93
 157.90
 55.77
 -83.82
 145.83
 45.18
 -83.79
 146.09
 42.99
 -83.78
 136.99
 28.88
 -83.69
 132.24
 23.75
 -83.85
 136.12
 29.95
 -83.74
 130.23
 18.51
 -83.92
 134.38
 26.54
 -84.00
 122.37
 10.83
 -84.02
 138.88
 28.93
 -84.16
 139.67
 35.33
 -83.62
 118.95
 5.93
 -82.07
 104.14
 -25.66
 -80.62
 98.17
 -39.19
 -79.13
 94.48
 -46.19
 -78.28
 90.51
 -50.69
 -79.49
 89.89
 -49.62
 -80.29
 91.67
 -48.95
 -80.48
 87.58
 -48.46
 -80.90
 88.60
 -48.45
 -80.05
 86.37
 -50.40
 -80.29
 88.56
 -49.49
 -80.28
 88.73
 -48.44
 -80.33
 89.19
 -47.84
 -79.92
 114.36
 -13.20
 -80.42
 98.12
 -36.45
 -80.42
 95.28
 -44.03
 -80.70
 93.56
 -45.57
 -80.16
 92.22
 -48.14
 -79.70
 88.88
 -46.96
 -80.42
 91.57
 -47.63
 -80.61
 91.83
 -47.33
 -80.71
 91.09
 -47.16
 -80.68
 90.47
 -46.31
 -80.04
 87.70
 -46.98
 -80.18
 89.83
 -48.27
 -80.15
 89.79
 -48.09
 -79.58
 86.34
 -48.74
 -80.15
 88.32
 -49.72
 -79.67
 86.73
 -47.54
 -79.86
 88.63
 -49.44
 -79.82
 90.29
 -50.56
 -79.60
 87.42
 -50.29
 -79.45
 84.06
 -51.72
 -80.30
 86.01
 -52.74
 -80.51
 90.79
 -51.58
 -79.48
 85.89
 -49.21
 -79.90
 86.98
 -52.76
 -79.82
 85.71
 -52.61
 -79.03
 83.67
 -52.32
 -80.00
 86.51
 -52.88
 -79.31
 83.04
 -53.04
 -79.15
 83.73
 -53.25
 -80.24
 86.61
 -51.85
 -79.36
 87.04
 -52.57
 -79.65
 86.75
 -51.58
 -79.59
 84.58
 -52.50
 -79.86
 85.40
 -52.88
 -79.84
 85.57
 -52.24
 -79.67
 85.33
 -52.60
 -79.44
 84.64
 -53.41
 -79.88
 84.51
 -52.69
 -79.84
 82.12
 -52.63
 -79.69
 82.07
 -52.71
 -79.81
 81.82
 -52.23
 -79.40
 82.42
 -50.87
 -79.71
 84.02
 -49.06
 -80.28
 84.24
 -50.54
 -80.42
 85.56
 -50.28
 -80.18
 85.94
 -49.45
 -80.40
 84.99
 -49.09
 -80.68
 84.94
 -48.56
 -80.92
 85.80
 -48.17
 -80.98
 86.84
 -48.71
 -80.75
 85.68
 -49.15
 -79.12
 84.38
 -50.56
 -76.94
 81.67
 -53.90
 -71.62
 79.23
 -58.07
 -62.04
 78.90
 -64.87
 -49.28
 79.52
 -77.36
 -37.31
 78.54
 -87.98
 -30.65
 80.37
 -90.48
 -23.60
 83.69
 -98.85
 -17.47
 84.26
 -106.49
 -14.90
 81.62
 -102.48
 -5.86
 80.46
 -105.03
 3.42
 79.94
 -105.83
 10.90
 78.97
 -103.73
 14.20
 78.73
 -93.03
 16.99
 79.23
 -92.81
 13.06
 79.27
 -83.08
 12.63
 78.03
 -86.70
 12.54
 78.18
 -85.51
 11.62
 79.21
 -83.84
 10.22
 80.98
 -82.01
 12.05
 81.14
 -83.04
 11.66
 79.33
 -83.02
 10.31
 74.99
 -82.48
 12.72
 71.40
 -86.46
 13.23
 73.06
 -84.15
 11.94
 76.38
 -83.39
 12.50
 78.24
 -78.71
 11.71
 78.60
 -82.72
 10.29
 78.66
 -82.14
 10.69
 76.99
 -85.54
 11.70
 77.13
 -81.38
 13.33
 78.54
 -83.94
 14.31
 78.85
 -85.79
 15.00
 78.64
 -83.77
 14.68
 78.36
 -83.08
 15.06
 77.42
 -85.21
 15.81
 77.86
 -85.74
 17.96
 75.38
 -83.56
 13.04
 73.70
 -82.84
 8.74
 72.63
 -83.70
 6.17
 73.82
 -85.79
 5.71
 74.96
 -88.39
 5.61
 75.54
 -92.20
 6.22
 77.61
 -85.25
 6.59
 78.84
 -88.30
 5.92
 78.74
 -87.35
 3.51
 81.71
 -90.06
 3.76
 81.18
 -88.99
 3.89
 80.85
 -87.82
 4.11
 80.75
 -89.13
 4.43
 81.05
 -89.57
 3.25
 81.84
 -88.20
 2.78
 81.81
 -88.79
 2.88
 81.62
 -87.22
 2.57
 81.35
 -89.97
 1.96
 81.24
 -89.32
 1.40
 80.24
 -85.85
 1.53
 80.39
 -89.10
 1.83
 80.42
 -88.56
 1.54
 80.33
 -89.97
 1.33
 80.31
 -88.12
 2.18
 81.11
 -90.68
 3.39
 81.27
 -88.86
 5.11
 80.91
 -88.37
 7.45
 80.30
 -88.60
 10.23
 80.21
 -90.82
 13.42
 79.05
 -87.02
 18.11
 77.68
 -87.02
 22.35
 74.62
 -84.53
 27.04
 72.49
 -87.19
 30.43
 70.65
 -87.27
 32.26
 70.55
 -80.81
 37.48
 68.85
 -83.63
 37.68
 68.98
 -77.89
 38.39
 68.79
 -75.22
 40.23
 67.35
 -76.12
 40.20
 67.37
 -75.60
 40.87
 67.87
 -75.25
 42.94
 68.39
 -77.35
 45.72
 69.47
 -81.09
 49.34
 68.35
 -83.72
 54.39
 65.46
 -88.91
 58.62
 63.02
 -95.05
 62.39
 58.38
 -99.92
 66.49
 50.61
 -106.99
 70.32
 39.76
 -114.61
 72.29
 22.55
 -133.69
 72.66
 2.50
 134.27
 71.04
 -9.37
 121.34
 68.41
 -21.72
 102.86
 67.48
 -25.61
 96.96
 67.39
 -25.13
 95.32
 67.90
 -23.86
 99.50
 68.31
 -22.85
 100.41
 68.42
 -23.95
 98.78
 68.44
 -25.92
 99.45
 69.95
 -24.00
 76.70
 70.68
 -23.54
 102.88
 70.74
 -23.70
 101.20
 70.86
 -23.83
 101.82
 71.30
 -23.48
 103.39
 71.21
 -23.89
 102.59
 71.24
 -23.97
 102.55
 71.31
 -23.08
 104.43
 71.12
 -23.08
 101.20
 71.21
 -21.76
 106.26
 71.78
 -20.38
 107.29
 71.72
 -22.40
 106.12
 72.29
 -22.66
 106.06
 72.31
 -22.42
 103.55
 72.56
 -21.94
 106.34
 72.62
 -24.38
 105.12
 72.12
 -27.12
 104.60
 71.90
 -26.73
 101.53
 71.30
 -28.60
 100.23
 71.61
 -28.55
 100.58
 72.33
 -25.89
 105.34
 73.10
 -23.27
 105.73
 73.38
 -20.83
 106.04
 73.32
 -22.00
 108.48
 73.80
 -21.78
 106.69
 73.04
 -22.46
 104.14
 72.94
 -21.55
 106.45
 72.96
 -21.20
 105.29
 73.04
 -21.10
 106.61
 73.67
 -20.43
 109.03
 73.92
 -20.76
 108.07
 73.56
 -21.73
 107.10
 74.15
 -19.75
 106.57
 73.55
 -21.97
 107.99
 73.39
 -23.10
 105.90
 73.45
 -23.11
 107.41
 73.49
 -23.80
 105.94
 73.78
 -23.84
 106.83
 74.05
 -24.40
 105.52
 74.52
 -24.66
 107.18
 74.74
 -22.86
 107.39
 74.97
 -22.75
 108.46
 75.46
 -22.84
 107.08
 74.95
 -24.43
 106.71
 74.98
 -23.78
 106.11
 75.23
 -22.89
 108.42
 74.99
 -23.49
 109.14
 74.91
 -23.98
 106.63
 75.03
 -24.26
 105.33
 74.62
 -23.35
 107.07
 74.50
 -24.23
 106.48
 74.40
 -24.94
 104.06
 74.23
 -23.80
 106.12
 74.21
 -23.79
 107.18
 74.21
 -23.49
 106.44
 74.28
 -24.09
 108.05
 74.41
 -24.99
 104.96
 74.32
 -25.13
 106.23
 74.41
 -24.32
 107.01
 74.65
 -23.58
 107.58
 74.79
 -26.65
 106.98
 74.48
 -26.23
 104.92
 74.81
 -25.18
 106.96
 74.98
 -26.51
 107.01
 75.09
 -25.94
 106.16
 74.63
 -27.32
 105.71
 74.66
 -28.65
 101.38
 74.65
 -27.96
 105.25
 74.70
 -27.82
 102.84
 74.46
 -28.12
 103.97
 74.13
 -27.43
 104.45
 74.31
 -28.51
 105.02
 74.36
 -28.29
 104.84
 74.49
 -27.83
 104.10
 74.63
 -29.37
 105.44
 75.03
 -29.69
 101.54
 74.89
 -29.99
 105.78
 75.02
 -28.97
 104.15
 75.04
 -28.99
 105.95
 75.18
 -29.39
 105.19
 75.51
 -29.13
 105.55
 75.71
 -28.88
 104.56
 76.05
 -27.88
 105.31
 77.10
 -22.89
 110.06
 78.11
 -15.55
 116.57
 79.08
 -3.82
 130.83
 78.98
 37.30
 -106.64
 75.05
 63.69
 -100.33
 71.31
 68.74
 -96.52
 65.74
 78.44
 -90.90
 57.24
 82.73
 -82.76
 49.61
 82.88
 -73.68
 41.85
 80.93
 -66.32
 39.62
 83.86
 -67.27
 42.43
 82.46
 -72.27
 43.34
 82.76
 -76.17
 40.29
 80.97
 -79.51
 35.99
 83.17
 -81.85
 35.30
 83.85
 -84.28
 26.73
 81.99
 -79.05
 18.41
 78.48
 -81.97
 12.99
 76.30
 -84.34
 7.54
 72.18
 -82.08
 -3.11
 70.06
 -75.97
 -11.61
 68.23
 -71.31
 -13.36
 69.43
 -71.48
 -15.87
 70.59
 -75.82
 -12.78
 72.86
 -79.37
 -5.78
 77.18
 -91.69
 -4.49
 77.58
 -96.46
 -4.00
 78.09
 -94.39
 -2.76
 76.28
 -96.64
 -0.93
 76.93
 -95.41
 0.33
 75.12
 -99.90
 -0.54
 75.38
 -94.39
 -0.89
 77.30
 -97.31
 -0.83
 76.55
 -94.70
 -1.10
 76.56
 -97.60
 -0.08
 76.45
 -97.11
 0.59
 76.91
 -100.61
 0.28
 77.70
 -97.31
 0.24
 77.57
 -100.85
 1.06
 76.97
 -102.69
 1.11
 76.88
 -100.19
 1.07
 77.18
 -98.62
 1.57
 77.55
 -100.83
 1.84
 77.81
 -101.77
 2.33
 77.57
 -104.81
 1.64
 77.99
 -103.91
 2.17
 78.00
 -101.13
 1.94
 77.57
 -101.16
 1.61
 77.11
 -99.15
 1.53
 77.47
 -101.13
 1.88
 77.60
 -98.76
 2.19
 77.43
 -97.05
 1.99
 77.22
 -98.81
 2.37
 77.08
 -96.65
 2.86
 77.24
 -97.82
 2.36
 77.59
 -96.43
 2.38
 76.78
 -95.62
 2.76
 76.81
 -98.97
 2.76
 77.06
 -99.56
 2.71
 76.84
 -99.58
 2.69
 76.81
 -98.52
 2.77
 77.23
 -98.48
 2.68
 76.83
 -94.97
 2.87
 77.04
 -96.33
 2.98
 77.14
 -101.04
 2.26
 76.78
 -100.08
 2.09
 76.96
 -95.80
 2.50
 76.93
 -96.14
 2.57
 77.23
 -97.55
 2.62
 77.13
 -98.19
 2.97
 77.16
 -98.47
 2.94
 77.14
 -96.65
 3.48
 77.06
 -97.99
 2.42
 77.37
 -98.59
 2.09
 76.99
 -99.08
 2.61
 77.05
 -98.03
 2.85
 77.10
 -97.82
 2.40
 77.30
 -95.14
 2.43
 76.35
 -97.07
 2.56
 75.00
 -95.46
 3.38
 73.35
 -96.07
 2.43
 74.45
 -94.65
 1.90
 76.90
 -97.17
 0.75
 79.80
 -94.46
 0.13
 81.37
 -94.91
 0.39
 82.62
 -94.77
 0.60
 83.12
 -94.14
 0.99
 83.50
 -88.32
 1.05
 83.28
 -92.38
 1.24
 82.78
 -94.06
 1.20
 82.68
 -93.54
 1.76
 82.95
 -91.06
 1.90
 82.71
 -92.10
 1.66
 82.49
 -87.39
 1.46
 82.51
 -90.86
 1.28
 81.88
 -87.90
 1.34
 81.35
 -92.43
 1.53
 81.15
 -91.37
 1.40
 80.66
 -89.08
 1.30
 80.30
 -87.38
 1.15
 80.70
 -89.21
 1.45
 80.52
 -91.22
 1.72
 80.36
 -91.54
 1.78
 80.66
 -88.85
 1.81
 80.65
 -87.98
 1.89
 80.66
 -90.99
 1.73
 80.26
 -91.35
 1.86
 80.21
 -91.31
 2.19
 80.45
 -87.12
 2.35
 80.67
 -90.61
 2.43
 81.02
 -88.35
 2.70
 81.42
 -89.31
 2.64
 81.67
 -85.60
 2.54
 81.43
 -90.53
 2.65
 81.44
 -86.62
 2.81
 81.08
 -86.18
 2.70
 81.10
 -88.95
 2.25
 80.42
 -86.98
 2.29
 80.78
 -87.64
 2.51
 80.91
 -88.37
 2.61
 81.02
 -86.21
 2.67
 81.00
 -90.14
 2.56
 81.06
 -88.83
 2.63
 80.75
 -85.74
 3.00
 80.70
 -87.03
 3.12
 81.01
 -89.06
 2.92
 80.68
 -89.80
 3.24
 80.78
 -89.83
 3.14
 80.71
 -92.13
 3.02
 80.95
 -87.44
 3.30
 81.43
 -88.52
 3.48
 81.79
 -87.26
 3.62
 81.54
 -88.84
 3.44
 81.29
 -83.40
 2.90
 80.79
 -86.07
 2.87
 81.10
 -88.06
 2.99
 80.63
 -86.92
 3.21
 80.65
 -88.02
 2.80
 80.36
 -87.64
 3.25
 80.89
 -89.13
 3.42
 80.23
 -86.51
 3.17
 79.56
 -85.61
 2.76
 79.94
 -85.79
 2.84
 79.89
 -88.08
 2.76
 79.88
 -86.61
 2.74
 79.49
 -89.27
 3.06
 79.73
 -88.24
 3.40
 79.82
 -87.33
 2.99
 80.62
 -87.26
 2.95
 80.53
 -87.56
 2.90
 81.09
 -87.11
 3.13
 80.99
 -89.71
 3.03
 80.85
 -84.75
 3.40
 81.98
 -87.29
 3.58
 82.05
 -85.12
 3.88
 81.33
 -86.99
 3.91
 81.54
 -85.78
 4.02
 81.69
 -86.72
 4.45
 81.59
 -82.51
 4.57
 81.58
 -84.71
 4.36
 81.42
 -86.11
 4.16
 81.43
 -86.88
 3.87
 80.77
 -85.54
 3.53
 80.20
 -85.38
 3.24
 79.68
 -84.09
 3.44
 79.70
 -87.80
 3.53
 79.16
 -85.94
 3.51
 79.23
 -87.25
 3.30
 79.59
 -85.72
 3.98
 79.44
 -88.02
 3.85
 78.75
 -86.87
 4.12
 79.31
 -87.86
 5.07
 79.31
 -87.48
 5.29
 79.54
 -86.65
 5.86
 80.37
 -86.15
 6.38
 80.65
 -86.84
 6.50
 80.48
 -86.17
 6.23
 80.36
 -82.83
 6.21
 80.32
 -85.34
 6.07
 80.11
 -86.62
 6.18
 80.43
 -83.92
 6.63
 80.04
 -83.41
 6.32
 79.61
 -82.61
 5.98
 79.40
 -81.53
 5.45
 79.25
 -84.34
 6.42
 77.46
 -82.63
 6.52
 77.72
 -82.51
 6.63
 77.64
 -82.49
 6.38
 77.25
 -83.53
 6.25
 76.92
 -82.40
 6.30
 76.65
 -83.55
 6.56
 76.33
 -83.17
 7.19
 76.80
 -84.67
 7.00
 77.02
 -81.81
 7.14
 77.04
 -85.48
 7.12
 77.06
 -83.57
 7.32
 77.77
 -81.70
 7.78
 77.76
 -80.99
 7.60
 77.90
 -83.62
 7.88
 78.21
 -81.76
 8.21
 78.30
 -80.11
 7.87
 77.58
 -79.03
 7.70
 77.79
 -84.02
 7.92
 77.73
 -82.18
 7.88
 77.77
 -81.64
 7.86
 77.24
 -82.45
 7.77
 76.19
 -80.00
 7.42
 75.64
 -81.49
 7.16
 75.87
 -82.22
 7.44
 75.76
 -82.18
 7.31
 76.11
 -82.66
 7.56
 75.86
 -85.44
 6.91
 75.55
 -81.78
 7.48
 76.03
 -83.01
 7.30
 75.59
 -82.50
 7.40
 75.95
 -81.66
 7.21
 76.00
 -83.83
 7.18
 75.29
 -78.95
 7.42
 75.52
 -83.04
 7.23
 75.69
 -82.99
 7.77
 76.28
 -83.44
 8.30
 76.89
 -83.86
 8.36
 76.38
 -84.12
 8.43
 76.52
 -82.03
 7.80
 76.04
 -79.99
 7.72
 75.39
 -80.83
 7.50
 74.30
 -81.82
 7.36
 74.26
 -81.92
 7.82
 74.05
 -81.77
 7.51
 73.26
 -81.71
 7.31
 72.99
 -82.97
 7.26
 73.50
 -79.89
 7.48
 73.27
 -82.23
 7.70
 73.51
 -82.28
 8.07
 74.00
 -81.36
 7.59
 73.70
 -81.02
 7.57
 73.81
 -81.47
 8.14
 74.23
 -83.48
 8.45
 74.14
 -84.85
 8.81
 74.28
 -81.00
 8.46
 74.34
 -82.94
 8.94
 74.48
 -81.56
 9.25
 74.86
 -80.06
 9.37
 75.11
 -81.57
 9.02
 75.04
 -83.06
 9.07
 75.48
 -83.37
 8.68
 78.06
 -82.51
 6.89
 80.74
 -80.41
 5.96
 84.33
 -78.64
 0.48
 86.81
 -75.46
 0.32
 87.86
 -73.56
 2.02
 82.20
 -70.45
 0.10
 83.01
 -72.07
 2.20
 84.45
 -71.98
 1.58
 85.85
 -70.80
 2.02
 87.05
 -71.81
 -0.03
 88.85
 -78.83
 -1.32
 93.33
 -81.22
 -4.17
 100.53
 -81.56
 -4.34
 95.18
 -85.45
 -3.86
 92.00
 -95.94
 -0.91
 85.34
 -95.79
 -3.50
 85.02
 -88.35
 -2.15
 83.62
 -87.19
 -3.83
 85.46
 -88.25
 -3.36
 87.71
 -90.07
 -3.55
 88.32
 -88.00
 -3.85
 88.85
 -90.98
 -3.70
 87.99
 -91.38
 -3.57
 86.37
 -86.94
 -3.15
 84.65
 -90.11
 -3.10
 85.12
 -92.34
 -3.73
 88.47
 -92.05
 -3.74
 88.61
 -87.46
 -3.66
 88.82
 -88.42
 -3.53
 87.49
 -94.27
 -3.41
 87.57
 -89.02
 -3.56
 87.70
 -93.20
 -3.44
 87.25
 -93.48
 -3.48
 87.55
 -92.08
 -3.43
 87.29
 -91.17
 -3.24
 86.42
 -90.34
 -3.27
 86.81
 -86.82
 -3.30
 86.89
 -89.92
 -3.29
 86.86
 -92.78
 -3.34
 86.89
 -91.46
 -3.40
 86.85
 -88.43
 -3.47
 87.22
 -90.08
 -3.48
 87.61
 -90.72
 -3.71
 88.85
 -91.20
 -3.67
 88.54
 -93.98
 -3.59
 87.85
 -91.93
 -3.53
 87.68
 -90.94
 -3.51
 87.46
 -88.42
 -3.53
 87.69
 -87.93
 -3.52
 87.69
 -89.65
 -3.53
 87.39
 -90.25
 -3.48
 87.19
 -87.57
 -3.44
 86.97
 -88.46
 -3.44
 86.87
 -92.18
 -3.38
 87.04
 -93.63
 -3.40
 87.18
 -90.03
 -3.44
 87.46
 -88.57
 -3.43
 87.32
 -89.41
 -3.51
 87.43
 -91.86
 -3.44
 87.41
 -93.96
 -3.37
 87.26
 -90.41
 -3.46
 87.33
 -91.17
 -3.51
 87.34
 -91.89
 -3.49
 87.22
 -91.99
 -3.51
 87.17
 -91.38
 -3.49
 87.49
 -92.43
 -3.52
 87.61
 -86.69
 -3.51
 87.34
 -92.95
 -3.57
 87.66
 -90.93
 -5.90
 89.58
 -88.65
 -4.68
 88.31
 -89.65
 -4.09
 87.93
 -89.24
 -3.76
 87.93
 -90.42
 -3.66
 88.08
 -89.88
 -3.63
 88.30
 -87.54
 -3.58
 88.08
 -93.30
 -3.61
 88.70
 -91.48
 -3.56
 88.69
 -88.48
 -3.48
 88.68
 -91.80
 -3.46
 89.46
 -90.88
 -3.56
 89.89
 -88.19
 -3.56
 89.16
 -90.13
 -3.54
 89.17
 -89.79
 -3.52
 88.91
 -88.03
 -3.52
 88.77
 -88.48
 -3.55
 88.62
 -90.94
 -3.60
 89.46
 -86.83
 -3.55
 89.72
 -89.34
 -3.56
 89.55
 -88.97
 -3.60
 89.94
 -86.43
 -3.51
 88.72
 -87.21
 -3.55
 88.51
 -90.41
 -3.56
 88.52
 -88.82
 -3.64
 88.22
 -89.97
 -3.68
 88.59
 -88.21
 -3.63
 88.50
 -91.54
 -3.62
 88.49
 -89.95
 -3.64
 88.79
 -88.72
 -3.71
 88.53
 -89.22
 -3.84
 88.42
 -87.65
 -4.12
 88.65
 -85.71
 -4.63
 88.49
 -90.56
 -5.98
 87.97
 -87.06
 -7.87
 88.92
 -90.63
 -8.28
 88.79
 -92.19
 -9.21
 88.10
 -94.11
 -10.92
 87.47
 -95.20
 -11.61
 86.98
 -97.92
 -12.19
 87.31
 -99.55
 -12.73
 87.34
 -100.23
 -13.75
 87.01
 -100.62
 -14.53
 87.36
 -99.23
 -14.92
 87.47
 -99.50
 -15.10
 87.67
 -98.29
 -15.96
 87.40
 -101.84
 -16.85
 87.34
 -99.43
 -17.77
 87.42
 -100.72
 -18.39
 87.68
 -101.04
 -18.53
 87.51
 -102.92
 -18.57
 87.28
 -97.96
 -19.02
 86.82
 -99.79
 -19.14
 86.85
 -102.01
 -19.26
 86.76
 -99.41
 -19.99
 86.56
 -100.84
 -20.22
 86.47
 -102.48
 -20.87
 86.30
 -101.47
 -21.50
 86.29
 -103.94
 -21.72
 86.47
 -101.50
 -22.36
 85.94
 -102.60
 -22.89
 85.44
 -104.24
 -22.81
 85.53
 -103.63
 -23.48
 85.28
 -105.22
 -23.79
 85.47
 -105.66
 -23.93
 85.78
 -107.04
 -23.61
 85.86
 -108.09
 -24.15
 85.52
 -106.61
 -24.87
 84.92
 -106.62
 -24.52
 85.25
 -106.90
 -24.17
 85.26
 -107.63
 -24.42
 85.34
 -106.73
 -23.80
 85.54
 -107.93
 -22.89
 85.48
 -107.13
 -21.07
 85.44
 -106.55
 -18.48
 86.74
 -105.48
 -15.33
 87.58
 -106.35
 -11.54
 88.21
 -103.96
 -7.45
 88.91
 -104.44
 -3.70
 91.10
 -92.83
 -2.37
 90.75
 -82.80
 -2.82
 89.29
 -84.08
 -3.29
 89.75
 -82.58
 -3.57
 90.44
 -80.02
 -3.67
 90.34
 -83.74
 -3.63
 89.92
 -84.59
 -3.65
 90.11
 -86.79
 -3.53
 89.88
 -79.86
 -3.56
 89.94
 -82.29
 -3.59
 89.66
 -82.46
 -3.59
 89.74
 -81.38
 -3.49
 89.60
 -83.71
 -3.52
 90.00
 -83.24
 -3.37
 90.40
 -84.76
 -3.18
 89.85
 -82.75
 -2.20
 90.62
 -87.57
 -0.32
 91.26
 -82.78
 0.96
 91.52
 -81.50
 3.29
 92.14
 -81.64
 4.39
 92.08
 -73.71
 5.63
 92.08
 -70.16
 6.95
 93.08
 -67.64
 7.91
 92.97
 -62.59
 8.50
 93.18
 -62.61
 9.39
 93.15
 -61.64
 10.47
 93.85
 -61.46
 10.90
 94.49
 -58.20
 11.02
 94.80
 -57.35
 11.44
 94.00
 -55.67
 10.93
 93.38
 -54.44
 11.36
 93.82
 -56.63
 12.87
 93.84
 -55.51
 13.46
 93.79
 -56.51
 13.27
 94.39
 -54.60
 14.34
 95.31
 -55.32
 14.43
 95.04
 -52.50
 14.18
 95.36
 -53.43
 15.25
 94.59
 -53.50
 16.18
 94.73
 -50.39
 18.83
 96.98
 -53.29
 20.34
 96.62
 -52.03
 21.64
 95.12
 -52.36
 23.18
 94.91
 -50.37
 25.14
 95.73
 -50.35
 26.18
 96.05
 -51.28
 26.71
 95.55
 -49.42
 27.17
 95.53
 -48.70
 27.80
 95.04
 -50.01
 29.01
 96.10
 -48.73
 28.90
 96.23
 -48.24
 29.11
 95.41
 -47.53
 30.57
 94.77
 -48.33
 31.74
 94.85
 -50.72
 32.68
 96.05
 -50.32
 32.76
 96.30
 -49.68
 32.94
 96.57
 -48.89
 33.79
 96.92
 -49.49
 34.48
 97.61
 -48.43
 34.39
 97.49
 -48.55
 34.86
 98.07
 -48.43
 35.06
 98.61
 -48.05
 35.10
 98.94
 -47.58
 35.38
 99.55
 -46.55
 34.96
 99.20
 -47.76
 34.79
 98.71
 -47.79
 34.75
 99.27
 -46.92
 33.85
 103.07
 -46.90
 35.34
 101.29
 -46.64
 36.80
 98.80
 -49.19
 36.85
 100.94
 -51.12
 36.53
 102.99
 -50.19
 36.15
 103.82
 -49.05
 36.34
 104.82
 -48.70
 36.87
 106.16
 -48.71
 37.37
 106.86
 -50.58
 36.96
 107.42
 -49.33
 37.76
 107.80
 -50.32
 38.35
 108.24
 -50.68
 39.00
 108.14
 -51.89
 40.25
 107.64
 -54.12
 40.67
 107.62
 -54.16
 41.27
 106.19
 -55.88
 41.13
 104.62
 -56.61
 42.33
 104.59
 -58.20
 43.47
 104.95
 -58.38
 43.89
 104.92
 -59.26
 45.34
 104.35
 -60.73
 45.78
 102.79
 -60.24
 46.64
 99.51
 -61.51
 47.77
 97.23
 -63.57
 48.36
 95.06
 -63.98
 48.90
 94.27
 -64.12
 48.83
 92.91
 -65.98
 48.97
 93.34
 -64.74
 49.10
 92.96
 -65.17
 48.63
 90.53
 -64.86
 48.65
 89.48
 -65.60
 48.67
 90.00
 -64.81
 49.46
 87.55
 -66.75
 49.58
 86.86
 -66.98
 50.55
 86.71
 -68.66
 51.53
 88.03
 -68.35
 52.66
 90.21
 -70.10
 53.15
 91.07
 -69.71
 53.47
 90.78
 -69.63
 54.42
 91.57
 -70.95
 54.78
 92.21
 -71.18
 54.40
 91.11
 -70.92
 54.58
 90.82
 -72.51
 53.69
 90.67
 -70.17
 53.00
 90.10
 -68.73
 52.43
 88.22
 -69.43
 51.34
 86.97
 -68.68
 51.45
 85.67
 -69.78
 54.14
 87.16
 -70.43
 55.70
 91.39
 -72.30
 56.73
 94.05
 -71.18
 57.99
 95.37
 -73.13
 58.13
 96.07
 -72.13
 54.59
 92.66
 -69.24
 48.72
 89.37
 -64.93
 42.88
 85.92
 -61.47
 37.89
 84.84
 -55.49
 32.65
 83.84
 -54.53
 34.73
 84.02
 -73.21
 32.69
 84.58
 -93.78
 19.85
 88.66
 -106.40
 9.77
 84.14
 -108.72
 3.34
 82.27
 -107.16
 -0.63
 86.41
 -97.13
 -1.30
 85.65
 -98.76
 -0.75
 81.19
 -102.38
 -1.35
 80.29
 -91.93
 -1.85
 81.80
 -91.49
 -2.21
 82.69
 -90.28
 -2.26
 81.96
 -91.35
 -3.30
 84.22
 -93.56
 -3.00
 84.02
 -96.23
 -3.30
 84.31
 -98.28
 -3.26
 84.97
 -96.65
 -3.29
 85.54
 -92.37
 -3.31
 84.88
 -96.56
 -2.47
 82.23
 -99.92
 -1.88
 79.82
 -97.15
 -1.96
 79.63
 -93.78
 -2.05
 80.23
 -93.62
 -2.78
 83.79
 -93.24
 -2.27
 81.42
 -93.05
 -2.17
 81.35
 -95.51
 -1.88
 80.40
 -93.92
 -2.15
 81.36
 -93.20
 -2.10
 80.61
 -93.87
 -1.88
 79.86
 -93.86
 -1.72
 79.43
 -96.32
 -2.06
 80.94
 -97.06
 -2.70
 82.97
 -93.92
 -1.87
 80.08
 -94.47
 -3.24
 81.03
 -95.83
 -2.24
 79.96
 -97.40
 -2.26
 80.47
 -90.21
 -2.61
 82.16
 -91.50
 -2.89
 82.93
 -93.98
 -2.32
 80.85
 -99.72
 -2.43
 80.92
 -97.56
 -2.15
 80.16
 -99.38
 -2.46
 81.71
 -90.98
 -2.86
 82.57
 -94.92
 -2.79
 82.52
 -98.57
 -2.67
 82.28
 -95.26
 -2.93
 82.78
 -99.31
 -2.88
 83.12
 -95.95
 -2.94
 83.06
 -98.97
 -3.15
 82.91
 -98.42