

 -2.27
 -2.83
 -88.12
 -2.16
 -3.08
 -86.78
 -2.01
 -3.19
 -86.12
 -1.97
 -3.41
 -86.26
 -2.04
 -4.05
 -87.94
 -2.17
 -3.39
 -87.49
 -2.41
 -3.74
 -88.07
 -3.24
 -3.07
 -87.48
 -3.84
 -2.25
 -86.38
 -4.29
 -0.62
 -86.44
 -4.26
 -0.94
 -86.74
 -4.94
 -1.89
 -88.16
 -4.47
 -1.26
 -89.35
 -3.10
 -0.27
 -89.50
 -2.74
 0.25
 -89.31
 -2.89
 0.39
 -87.62
 -3.20
 -0.52
 -87.46
 -3.36
 -0.72
 -88.18
 -3.70
 -0.45
 -87.11
 -3.22
 -0.65
 -87.70
 -3.16
 -0.59
 -87.85
 -3.43
 -0.77
 -88.05
 -3.61
 -0.39
 -87.57
 -3.63
 -0.73
 -88.20
 -3.74
 -0.67
 -87.58
 -3.60
 -0.82
 -88.44
 -3.57
 -1.06
 -89.60
 -3.52
 -1.23
 -89.26
 -3.65
 -0.87
 -89.44
 -3.33
 -0.78
 -88.47
 -3.43
 -0.72
 -88.13
 -3.32
 -0.78
 -87.96
 -3.39
 -0.91
 -88.31
 -3.33
 -1.30
 -89.48
 -3.63
 -0.65
 -87.93
 -3.40
 -0.41
 -87.88
 -3.49
 -0.14
 -88.94
 -3.22
 -0.31
 -89.59
 -2.95
 -0.73
 -89.01
 -2.94
 -0.53
 -86.88
 -3.02
 0.07
 -87.68
 -2.73
 1.36
 -88.00
 -2.88
 1.87
 -88.91
 -3.68
 7.18
 -89.91
 -2.45
 17.38
 -90.80
 -0.37
 27.99
 -93.29
 4.88
 36.06
 -101.73
 9.75
 45.92
 -106.56
 12.07
 58.56
 -112.72
 10.42
 68.32
 -109.75
 6.70
 76.61
 -103.32
 2.88
 82.17
 -100.76
 0.48
 84.62
 -95.45
 -0.18
 85.97
 -95.20
 -0.46
 87.82
 -94.08
 -0.34
 89.94
 -92.60
 0.35
 90.39
 -92.25
 0.61
 90.53
 -92.02
 1.06
 90.60
 -90.41
 0.15
 91.57
 -91.09
 1.43
 93.19
 -89.87
 0.62
 91.46
 -91.90
 -0.48
 91.18
 -99.22
 -0.95
 90.62
 -99.65
 -2.24
 89.54
 -103.32
 -2.81
 87.81
 -97.24
 -3.34
 86.59
 -96.73
 -2.90
 86.42
 -99.77
 -2.35
 86.68
 -96.98
 -2.58
 85.79
 -99.58
 -2.63
 86.06
 -97.06
 -2.69
 85.91
 -96.10
 -3.12
 87.40
 -92.33
 -2.96
 87.24
 -96.38
 -2.81
 84.92
 -92.72
 -2.78
 85.84
 -94.72
 -2.75
 86.00
 -95.63
 -2.77
 85.91
 -96.11
 -2.49
 85.11
 -93.76
 -2.38
 85.14
 -93.60
 -2.52
 85.45
 -93.83
 -2.70
 86.71
 -93.31
 -2.57
 86.31
 -92.71
 -2.70
 86.76
 -90.40
 -2.65
 87.12
 -91.81
 -2.57
 86.86
 -89.97
 -2.57
 86.02
 -95.53
 -2.62
 85.28
 -91.90
 -2.42
 85.25
 -94.99
 -2.46
 85.70
 -97.87
 -2.42
 85.42
 -96.97
 -2.53
 85.32
 -92.58
 -2.34
 86.06
 -95.09
 -2.31
 85.83
 -93.91
 -2.37
 85.31
 -97.28
 -2.26
 85.43
 -97.03
 -2.25
 85.21
 -95.51
 -2.28
 85.48
 -92.91
 -2.10
 85.38
 -94.71
 -2.19
 85.37
 -95.16
 -2.20
 85.64
 -91.92
 -2.33
 85.29
 -95.28
 -2.22
 85.16
 -94.90
 -1.96
 85.47
 -96.09
 -2.09
 85.15
 -93.34
 -2.06
 84.87
 -93.67
 -2.02
 85.00
 -92.11
 -2.11
 85.40
 -94.87
 -2.17
 85.28
 -90.99
 -2.07
 85.19
 -91.06
 -2.15
 85.24
 -94.28
 -2.30
 85.56
 -92.78
 -1.79
 85.91
 -93.99
 -2.06
 85.01
 -93.48
 -2.14
 84.49
 -94.40
 -2.05
 84.58
 -94.24
 -2.00
 84.33
 -93.27
 -1.97
 84.35
 -91.12
 -2.02
 84.55
 -92.89
 -2.05
 85.02
 -94.82
 -2.20
 84.83
 -94.93
 -2.17
 84.58
 -93.63
 -2.16
 84.47
 -90.84
 -2.13
 84.76
 -94.68
 -2.31
 84.96
 -95.50
 -2.21
 84.85
 -91.17
 -2.20
 84.51
 -94.12
 -2.22
 84.55
 -93.74
 -2.17
 84.72
 -95.84
 -2.19
 84.46
 -92.17
 -2.18
 84.30
 -91.78
 -2.12
 84.57
 -95.79
 -2.11
 84.89
 -93.60
 -2.30
 85.19
 -94.62
 -2.20
 84.75
 -93.14
 -2.11
 84.23
 -93.56
 -2.07
 84.38
 -95.11
 -2.08
 84.26
 -95.23
 -2.15
 84.38
 -96.30
 -2.37
 85.42
 -91.74
 -2.44
 85.77
 -92.56
 -2.43
 85.50
 -96.45
 -2.45
 85.18
 -96.53
 -2.34
 84.92
 -90.37
 -2.51
 85.15
 -95.18
 -2.40
 85.25
 -96.56
 -2.33
 85.16
 -99.27
 -2.28
 84.74
 -95.66
 -2.32
 84.76
 -97.16
 -2.33
 84.95
 -92.83
 -2.24
 84.80
 -95.27
 -2.28
 84.99
 -94.54
 -2.29
 84.89
 -97.15
 -2.27
 84.47
 -90.72
 -2.31
 84.90
 -93.43
 -2.24
 84.45
 -94.45
 -2.28
 84.65
 -95.08
 -2.38
 84.29
 -91.28
 -2.36
 84.63
 -93.20
 -2.23
 84.71
 -94.18
 -2.37
 84.90
 -94.80
 -2.34
 84.69
 -94.77
 -2.29
 84.90
 -95.24
 -2.27
 84.91
 -94.64
 -2.26
 84.65
 -93.36
 -2.26
 85.02
 -96.76
 -2.29
 85.18
 -93.78
 -2.29
 84.99
 -97.60
 -2.28
 84.91
 -96.41
 -2.32
 85.23
 -94.09
 -2.10
 84.76
 -92.79
 -1.99
 84.36
 -99.06
 -2.07
 84.49
 -96.08
 -2.05
 85.42
 -92.78
 -2.20
 85.44
 -91.65
 -2.16
 85.12
 -96.16
 -1.92
 85.51
 -96.90
 -2.22
 85.79
 -93.99
 -2.22
 85.32
 -93.05
 -2.07
 85.19
 -92.64
 -2.26
 85.49
 -95.00
 -2.33
 85.23
 -96.83
 -2.31
 85.49
 -94.06
 -2.14
 85.48
 -94.37
 -2.07
 86.04
 -95.73
 -2.29
 86.40
 -93.61
 -2.21
 85.59
 -92.35
 -1.92
 85.28
 -95.94
 -2.20
 84.45
 -91.84
 -2.00
 83.96
 -91.99
 -2.05
 83.28
 -94.56
 -3.03
 85.92
 -94.97
 -2.59
 85.84
 -97.93
 -4.89
 88.44
 -98.12
 -4.43
 87.41
 -100.74
 -3.82
 85.85
 -102.90
 -2.45
 83.80
 -99.35
 -2.39
 82.58
 -100.43
 -2.38
 72.64
 -96.28
 -2.29
 42.20
 -99.79
 -5.61
 14.48
 -71.13
 -12.23
 3.35
 -63.98
 -21.58
 4.56
 -64.97
 -27.88
 4.94
 -67.33
 -29.24
 10.78
 -69.86
 -27.66
 12.75
 -72.88
 -25.00
 15.58
 -72.90
 -22.39
 14.24
 -75.74
 -19.49
 15.45
 -76.86
 -17.60
 15.57
 -78.31
 -14.70
 14.35
 -80.66
 -12.29
 12.14
 -83.27
 -9.73
 9.90
 -85.46
 -8.78
 8.13
 -85.90
 -6.02
 7.60
 -85.87
 -6.13
 6.26
 -85.98
 -4.71
 5.73
 -86.01
 -3.25
 5.80
 -86.89
 -3.61
 4.63
 -87.00
 -3.41
 3.73
 -86.18
 -3.01
 3.12
 -87.08
 -2.97
 2.12
 -88.59
 -3.09
 1.81
 -88.47
 -2.99
 2.11
 -86.38
 -3.08
 1.62
 -88.05
 -2.67
 1.54
 -88.44
 -2.92
 1.75
 -86.88
 -2.81
 1.25
 -87.88
 -2.55
 1.43
 -88.06
 -2.54
 1.27
 -87.79
 -2.53
 1.33
 -87.62
 -2.13
 1.47
 -87.73
 -2.47
 1.31
 -88.16
 -2.32
 1.15
 -87.25
 -2.56
 1.62
 -87.09
 -2.42
 1.18
 -87.23
 -2.59
 0.92
 -89.04
 -2.64
 1.25
 -88.00
 -2.51
 1.95
 -85.82
 -2.65
 1.88
 -86.10
 -2.28
 1.39
 -87.95
 -2.26
 1.54
 -86.71
 -2.32
 1.12
 -88.62
 -2.17
 1.16
 -87.25
 -1.89
 1.34
 -87.85
 -1.81
 1.40
 -86.85
 -2.12
 1.39
 -85.95
 -2.18
 1.40
 -87.43
 -2.08
 1.10
 -87.34
 -2.49
 1.36
 -87.46
 -2.61
 3.96
 -85.81
 -2.75
 11.22
 -88.08
 -4.00
 18.69
 -87.98
 -1.65
 29.65
 -89.85
 3.50
 41.62
 -99.07
 9.51
 50.32
 -109.09
 10.07
 57.75
 -115.17
 6.23
 67.48
 -110.26
 0.92
 75.26
 -106.90
 -0.77
 82.02
 -100.08
 0.82
 85.06
 -96.75
 0.34
 86.39
 -96.03
 -0.95
 86.61
 -94.29
 -1.27
 87.70
 -94.71
 -1.90
 85.77
 -96.97
 -3.47
 84.87
 -94.93
 -3.08
 85.16
 -99.98
 -2.94
 84.81
 -97.58
 -2.53
 83.78
 -98.32
 -2.27
 83.49
 -96.49
 -3.00
 86.33
 -99.81
 -2.58
 84.80
 -103.41
 -2.60
 84.77
 -94.79
 -2.33
 85.10
 -100.45
 -2.29
 84.25
 -96.79
 -2.15
 83.83
 -96.60
 -2.11
 84.02
 -96.34
 -2.17
 84.18
 -98.92
 -2.21
 84.50
 -98.65
 -2.19
 84.44
 -93.13
 -2.07
 83.99
 -100.46
 -1.99
 83.69
 -100.25
 -1.91
 83.43
 -97.59
 -1.87
 83.83
 -96.94
 -1.79
 83.31
 -97.75
 -1.80
 83.32
 -93.52
 -1.71
 83.47
 -98.33
 -1.78
 83.15
 -94.63
 -1.82
 82.77
 -98.09
 -1.74
 82.91
 -96.30
 -1.63
 82.81
 -97.21
 -1.72
 82.72
 -93.13
 -1.63
 82.65
 -94.31
 -1.55
 82.44
 -95.28
 -1.78
 82.43
 -91.67
 -1.78
 83.12
 -91.14
 -1.69
 84.08
 -87.55
 -2.20
 85.24
 -89.38
 -1.86
 84.72
 -87.50
 -1.10
 85.12
 -88.17
 0.92
 86.43
 -83.78
 1.96
 87.31
 -79.43
 1.48
 86.12
 -71.64
 -0.98
 86.50
 -66.82
 -0.14
 86.18
 -68.66
 0.64
 84.69
 -64.05
 0.46
 85.38
 -64.57
 1.38
 85.91
 -54.73
 4.46
 86.45
 -51.61
 4.19
 87.65
 -43.50
 1.59
 86.69
 -36.02
 0.03
 84.48
 -33.04
 -1.98
 84.73
 -27.54
 -4.19
 87.19
 -23.04
 -4.43
 85.93
 -19.18
 -3.78
 87.70
 -20.19
 -3.86
 87.54
 -13.30
 -3.29
 86.28
 -14.08
 -4.19
 85.36
 -11.87
 -4.27
 86.81
 -13.29
 -4.15
 86.99
 -12.33
 -3.98
 87.48
 -12.42
 -4.00
 87.25
 -12.87
 -3.93
 87.82
 -14.29
 -4.00
 88.49
 -14.37
 -3.84
 88.68
 -14.10
 -3.88
 89.76
 -14.30
 -3.92
 89.67
 -13.96
 -3.77
 88.83
 -14.62
 -3.76
 89.78
 -15.04
 -4.11
 89.73
 -16.57
 -3.94
 89.43
 -14.61
 -3.98
 90.03
 -15.72
 -3.65
 90.39
 -15.90
 -3.14
 90.59
 -16.46
 -2.63
 90.85
 -14.81
 -3.14
 90.69
 -13.10
 -5.22
 92.28
 -13.10
 -4.01
 91.67
 -14.11
 -3.40
 91.30
 -14.10
 -3.38
 91.85
 -14.55
 -3.11
 91.33
 -14.17
 -3.11
 91.26
 -13.70
 -3.48
 92.12
 -14.31
 -3.42
 91.54
 -12.58
 -3.30
 92.30
 -13.97
 -2.86
 94.00
 -13.08
 -2.55
 93.01
 -13.40
 -1.71
 92.35
 -16.34
 0.08
 91.05
 -22.04
 0.96
 90.18
 -29.60
 0.93
 89.05
 -37.87
 1.36
 88.92
 -45.73
 0.38
 86.76
 -56.65
 0.92
 84.47
 -66.64
 -1.00
 85.22
 -73.49
 -0.34
 83.32
 -79.54
 -0.33
 81.88
 -86.78
 -0.74
 81.39
 -88.52
 -1.78
 83.93
 -94.84
 -3.09
 85.79
 -103.54
 -3.39
 86.18
 -98.50
 -4.05
 92.14
 -95.45
 -3.86
 91.62
 -98.09
 -3.63
 89.08
 -101.38
 -3.27
 89.25
 -98.78
 -3.38
 89.69
 -97.52
 -3.30
 89.53
 -95.41
 -3.31
 89.32
 -97.61
 -3.44
 89.35
 -97.74
 -3.27
 88.33
 -95.56
 -3.24
 88.08
 -97.80
 -3.22
 88.68
 -98.40
 -3.24
 89.06
 -94.48
 -3.37
 89.27
 -100.02
 -3.44
 89.29
 -98.12
 -3.52
 89.35
 -95.14
 -3.42
 89.36
 -98.69
 -3.45
 88.51
 -95.89
 -3.46
 88.61
 -99.25
 -3.47
 88.70
 -97.32
 -3.34
 88.63
 -94.48
 -3.28
 89.37
 -97.08
 -2.90
 88.64
 -99.94
 -1.68
 88.07
 -97.47
 -0.36
 88.79
 -99.90
 2.29
 89.23
 -96.18
 4.02
 89.68
 -92.48
 6.31
 90.26
 -95.39
 7.98
 90.25
 -89.02
 10.41
 91.21
 -83.98
 11.67
 91.77
 -77.19
 12.03
 91.94
 -74.53
 13.34
 91.36
 -72.30
 13.07
 90.46
 -69.49
 13.59
 89.59
 -71.17
 15.51
 90.16
 -71.43
 15.95
 90.78
 -69.73
 18.12
 92.05
 -65.28
 20.17
 91.74
 -63.72
 20.97
 91.75
 -59.85
 21.67
 91.43
 -60.81
 22.31
 91.82
 -59.69
 23.61
 92.42
 -58.44
 24.13
 92.42
 -56.83
 25.13
 92.21
 -55.23
 26.03
 92.79
 -55.31
 26.94
 92.17
 -55.86
 28.00
 92.92
 -54.92
 28.89
 92.94
 -55.41
 29.25
 92.62
 -55.46
 30.54
 92.66
 -53.42
 31.39
 92.24
 -56.23
 32.69
 92.82
 -53.47
 33.78
 92.88
 -54.08
 34.31
 90.68
 -52.77
 35.14
 89.85
 -55.86
 36.14
 89.53
 -54.54
 36.97
 89.05
 -54.79
 37.06
 88.34
 -54.16
 37.83
 88.32
 -53.39
 38.42
 88.98
 -55.91
 39.00
 88.96
 -52.51
 39.40
 88.06
 -55.19
 40.41
 88.10
 -55.94
 41.26
 87.76
 -54.19
 41.56
 88.00
 -55.45
 41.24
 87.65
 -54.19
 42.49
 88.28
 -54.33
 42.10
 88.26
 -55.04
 42.15
 87.47
 -54.48
 42.42
 87.90
 -55.39
 43.15
 88.44
 -52.89
 42.41
 87.85
 -54.31
 42.60
 87.78
 -55.01
 42.23
 88.09
 -55.26
 42.86
 88.08
 -54.36
 42.86
 88.39
 -54.23
 43.07
 88.31
 -56.13
 43.11
 87.62
 -54.47
 42.64
 88.07
 -54.44
 42.40
 87.30
 -55.62
 41.66
 87.14
 -54.57
 41.50
 87.49
 -55.95
 41.59
 86.57
 -55.00
 42.37
 86.81
 -57.20
 42.52
 86.67
 -56.61
 43.06
 86.57
 -57.59
 42.92
 87.00
 -58.29
 42.69
 87.25
 -57.70
 42.86
 87.09
 -57.43
 42.98
 87.51
 -59.01
 43.16
 87.54
 -58.40
 42.79
 88.36
 -57.89
 42.79
 88.90
 -59.79
 43.42
 89.06
 -59.66
 43.42
 89.93
 -58.84
 42.79
 91.27
 -60.04
 42.49
 91.03
 -59.72
 41.38
 91.14
 -58.83
 39.85
 90.44
 -58.18
 37.55
 88.85
 -56.76
 35.00
 88.06
 -55.74
 29.50
 89.65
 -59.51
 24.72
 92.29
 -66.83
 18.07
 93.21
 -68.36
 10.44
 91.61
 -74.24
 2.96
 88.72
 -77.32
 -4.57
 85.62
 -84.17
 -4.82
 86.29
 -93.17
 -4.95
 87.56
 -96.32
 -8.98
 85.63
 -92.90
 -14.95
 84.26
 -96.21
 -19.44
 84.53
 -102.38
 -22.14
 84.41
 -102.74
 -23.04
 84.26
 -106.16
 -25.02
 83.92
 -110.31
 -28.16
 81.88
 -108.27
 -30.72
 78.42
 -106.52
 -32.95
 74.95
 -107.02
 -35.80
 72.95
 -104.75
 -38.37
 72.83
 -102.09
 -40.32
 74.94
 -99.87
 -42.37
 75.31
 -99.04
 -44.38
 75.21
 -97.43
 -45.32
 75.28
 -97.87
 -46.66
 74.30
 -96.20
 -48.02
 74.76
 -93.74
 -49.30
 74.02
 -93.76
 -49.35
 75.32
 -92.49
 -49.69
 75.50
 -94.30
 -49.64
 75.90
 -93.53
 -50.76
 74.84
 -91.17
 -51.58
 73.39
 -90.85
 -49.79
 73.84
 -92.86
 -45.88
 76.84
 -94.37
 -46.98
 75.80
 -94.33
 -47.85
 75.22
 -93.06
 -47.95
 76.61
 -91.99
 -45.08
 83.25
 -96.06
 -42.99
 87.46
 -101.17
 -45.33
 88.27
 -99.19
 -48.22
 88.33
 -100.51
 -48.93
 84.73
 -99.00
 -49.21
 85.58
 -97.44
 -50.12
 83.88
 -97.86
 -52.06
 82.47
 -92.33
 -52.99
 83.18
 -92.29
 -53.80
 81.66
 -91.76
 -55.15
 80.79
 -88.70
 -55.80
 80.83
 -88.55
 -56.20
 81.41
 -86.64
 -57.85
 80.92
 -85.12
 -59.22
 79.44
 -85.56
 -59.87
 78.56
 -84.66
 -59.48
 78.49
 -82.74
 -60.02
 78.82
 -83.38
 -60.19
 78.97
 -83.49
 -61.21
 78.47
 -80.25
 -61.04
 77.58
 -81.59
 -58.96
 79.38
 -81.41
 -52.59
 82.56
 -87.76
 -44.52
 85.21
 -93.97
 -36.92
 89.84
 -101.50
 -30.78
 93.34
 -105.40
 -28.01
 90.31
 -97.99
 -21.60
 86.88
 -90.23
 -13.51
 85.46
 -90.36
 -8.98
 83.47
 -96.68
 -6.66
 84.18
 -109.01
 -5.06
 85.23
 -99.30
 -4.54
 86.88
 -97.53
 -3.82
 87.29
 -99.47
 -4.48
 85.42
 -100.39
 -7.53
 85.12
 -98.61
 -8.17
 86.04
 -100.73
 -6.68
 86.69
 -99.71
 -2.38
 86.55
 -104.32
 -2.49
 84.35
 -107.12
 -2.52
 81.90
 -98.66
 -2.58
 83.03
 -102.73
 -2.46
 82.10
 -98.71
 -2.70
 82.36
 -101.56
 -2.67
 83.06
 -99.32
 -2.74
 83.35
 -99.48
 -4.65
 84.97
 -98.30
 -3.66
 83.54
 -98.59
 -3.30
 84.14
 -98.39
 -3.03
 83.22
 -100.34
 -2.91
 83.88
 -101.92
 -3.02
 83.13
 -98.85
 -2.86
 83.26
 -99.63
 -3.12
 83.07
 -97.27