
 -1.92
 -1.89
 -86.02
 -1.89
 -1.81
 -85.61
 -1.97
 -1.45
 -85.40
 -2.02
 -1.96
 -86.62
 -1.96
 -1.64
 -85.16
 -1.89
 -1.74
 -85.32
 -1.97
 -1.83
 -85.42
 -1.79
 -2.10
 -85.75
 -1.86
 -1.89
 -84.82
 -2.19
 -1.76
 -85.48
 -2.21
 -1.97
 -86.45
 -2.06
 -1.34
 -83.38
 -1.99
 -1.60
 -84.54
 -1.99
 -2.16
 -86.21
 -2.04
 -2.02
 -85.79
 -1.93
 -1.85
 -84.59
 -1.81
 -2.10
 -85.45
 -1.87
 -1.95
 -84.73
 -1.60
 -2.18
 -85.59
 -1.71
 -2.02
 -84.98
 -1.82
 -1.89
 -84.89
 -1.96
 -2.12
 -85.66
 -1.79
 -2.02
 -84.62
 -1.95
 -2.13
 -85.13
 -1.89
 -2.22
 -85.22
 -1.98
 -2.16
 -85.41
 -2.01
 -1.99
 -84.53
 -1.86
 -1.87
 -84.22
 -1.95
 -2.11
 -85.51
 -2.04
 -2.23
 -86.00
 -1.61
 -2.10
 -85.99
 -1.66
 -2.09
 -85.14
 -1.88
 -2.16
 -85.73
 -1.81
 -2.02
 -85.39
 -1.92
 -2.32
 -85.66
 -1.85
 -2.15
 -84.66
 -1.96
 -2.24
 -85.54
 -1.86
 -2.52
 -86.54
 -1.74
 -2.27
 -85.40
 -1.63
 -1.97
 -84.62
 -1.70
 -2.52
 -86.76
 -1.83
 -2.39
 -86.81
 -1.48
 -2.69
 -86.07
 -1.44
 -2.21
 -85.37
 -1.44
 -2.11
 -84.52
 -1.49
 -2.62
 -86.15
 -1.42
 -2.70
 -86.14
 -1.22
 -2.15
 -84.44
 -0.93
 -2.91
 -85.60
 -1.08
 -2.80
 -85.40
 -1.28
 -2.46
 -84.57
 -1.35
 -2.55
 -84.55
 -1.58
 -2.60
 -85.48
 -1.54
 -2.65
 -86.19
 -1.43
 -2.90
 -86.42
 -1.38
 -2.82
 -86.31
 -1.47
 -2.12
 -84.52
 -1.50
 -2.30
 -84.92
 -1.51
 -2.51
 -85.15
 -1.78
 -2.70
 -85.20
 -1.64
 -2.94
 -84.83
 -1.57
 -2.99
 -85.06
 -1.64
 -3.00
 -86.32
 -1.56
 -2.70
 -84.95
 -1.48
 -2.91
 -85.82
 -1.60
 -2.75
 -86.04
 -1.56
 -2.85
 -85.51
 -1.57
 -2.80
 -85.03
 -1.52
 -2.90
 -85.24
 -1.55
 -3.03
 -85.45
 -1.58
 -3.12
 -86.39
 -1.53
 -2.56
 -84.99
 -1.59
 -3.18
 -85.37
 -1.45
 -2.89
 -84.27
 -1.42
 -2.94
 -85.45
 -1.36
 -3.07
 -84.96
 -1.41
 -3.01
 -85.53
 -1.46
 -3.03
 -85.67
 -1.61
 -3.25
 -86.62
 -1.56
 -3.11
 -85.46
 -1.47
 -3.18
 -85.85
 -1.43
 -3.13
 -85.97
 -1.67
 -3.07
 -85.22
 -1.50
 -2.83
 -83.78
 -1.57
 -3.19
 -85.50
 -1.54
 -3.15
 -84.41
 -1.54
 -3.49
 -85.77
 -1.44
 -3.49
 -86.31
 -1.49
 -3.30
 -85.29
 -1.47
 -3.10
 -84.52
 -0.99
 -4.89
 -85.07
 -0.50
 -3.37
 -84.58
 -1.53
 -0.51
 -84.77
 -1.30
 1.42
 -85.48
 -2.61
 5.98
 -86.12
 -7.98
 12.19
 -81.95
 -5.60
 19.77
 -86.32
 -3.47
 28.30
 -89.12
 0.91
 40.38
 -98.40
 4.44
 51.05
 -109.12
 4.55
 60.41
 -113.50
 1.87
 67.30
 -110.11
 -0.00
 73.23
 -103.30
 -2.16
 77.21
 -104.67
 -2.99
 79.32
 -101.94
 -2.99
 81.83
 -103.85
 -2.22
 83.11
 -101.59
 -1.18
 83.64
 -101.17
 -2.01
 82.43
 -101.56
 -2.31
 83.14
 -101.39
 -2.77
 84.00
 -100.34
 -2.77
 83.99
 -99.50
 -2.54
 83.35
 -104.16
 -2.46
 82.78
 -102.22
 -2.48
 82.64
 -103.29
 -2.23
 82.50
 -105.00
 -2.21
 82.77
 -101.69
 -2.39
 83.00
 -103.79
 -2.22
 82.01
 -103.58
 -2.21
 82.53
 -100.33
 -2.39
 82.51
 -101.02
 -2.46
 82.89
 -99.53
 -2.22
 82.47
 -98.73
 -2.35
 82.44
 -99.65
 -2.05
 81.58
 -100.32
 -1.95
 81.13
 -101.22
 -2.11
 81.51
 -102.23
 -2.24
 82.65
 -98.86
 -2.31
 82.32
 -102.61
 -2.29
 82.20
 -103.20
 -2.42
 83.50
 -103.04
 -2.30
 82.73
 -100.48
 -2.32
 83.42
 -100.08
 -2.28
 83.21
 -101.17
 -2.20
 83.03
 -102.44
 -2.29
 82.81
 -99.03
 -2.24
 83.04
 -99.91
 -2.07
 82.98
 -98.80
 -2.10
 82.94
 -98.80
 -1.96
 82.46
 -98.79
 -2.06
 82.65
 -99.14
 -2.13
 82.67
 -104.05
 -2.06
 82.69
 -100.52
 -2.15
 82.27
 -102.35
 -2.15
 82.46
 -98.35
 -2.07
 82.38
 -100.14
 -2.07
 82.27
 -99.47
 -1.86
 81.67
 -102.26
 -1.88
 81.78
 -100.21
 -1.89
 81.50
 -100.03
 -1.88
 81.76
 -99.47
 -1.95
 81.78
 -100.23
 -2.18
 82.27
 -98.21
 -1.87
 82.17
 -100.92
 -1.88
 81.67
 -100.19
 -2.13
 82.50
 -97.82
 -2.01
 82.71
 -101.89
 -2.01
 82.57
 -97.97
 -2.11
 82.78
 -99.28
 -2.08
 82.87
 -99.79
 -1.97
 82.39
 -97.75
 -2.02
 82.25
 -100.82
 -2.09
 82.71
 -102.06
 -2.07
 82.47
 -100.75
 -2.11
 82.55
 -99.44
 -1.99
 82.14
 -101.10
 -2.08
 82.46
 -97.39
 -2.24
 82.52
 -99.86
 -2.19
 82.68
 -100.33
 -2.30
 82.79
 -102.12
 -2.29
 83.46
 -99.27
 -2.38
 82.90
 -100.47
 -2.48
 82.23
 -98.14
 -2.23
 83.58
 -102.05
 -2.26
 82.77
 -101.20
 -2.11
 83.39
 -101.83
 -2.22
 83.20
 -101.51
 -2.25
 84.31
 -99.16
 -2.27
 83.36
 -102.38
 -1.80
 83.47
 -104.21
 -1.97
 83.36
 -101.87
 -2.15
 83.40
 -102.89
 -2.37
 84.10
 -101.95
 -2.30
 83.64
 -102.35
 -2.27
 83.48
 -105.03
 -2.36
 84.12
 -104.03
 -2.41
 83.92
 -104.73
 -2.55
 84.21
 -102.38
 -2.53
 84.23
 -101.29
 -2.55
 84.36
 -103.00
 -2.48
 84.43
 -104.24
 -2.43
 84.20
 -102.40
 -2.44
 84.59
 -103.31
 -2.60
 84.56
 -105.94
 -2.19
 84.53
 -101.79
 -1.08
 82.66
 -96.49
 -0.77
 82.78
 -86.79
 -2.56
 84.57
 -81.17
 -3.93
 87.34
 -77.27
 -3.79
 87.84
 -71.56
 -4.02
 87.88
 -69.96
 -4.46
 90.17
 -65.03
 -4.01
 93.79
 -60.98
 -6.53
 92.22
 -49.43
 -3.04
 84.02
 -38.25
 0.49
 77.65
 -34.16
 0.03
 75.61
 -27.39
 -1.42
 76.64
 -22.99
 -2.83
 78.01
 -15.56
 -3.07
 79.14
 -14.12
 -2.88
 79.82
 -11.86
 -2.47
 80.75
 -12.35
 -3.36
 84.92
 -10.15
 -3.95
 83.96
 -9.08
 -3.26
 82.37
 -10.17
 -3.10
 79.93
 -11.26
 -2.96
 79.91
 -14.47
 -3.16
 81.08
 -14.06
 -3.57
 82.57
 -14.22
 -3.84
 83.62
 -15.07
 -3.81
 83.86
 -15.15
 -3.71
 84.82
 -14.70
 -3.32
 85.24
 -14.09
 -3.48
 85.92
 -15.51
 -3.37
 86.02
 -14.60
 -3.18
 85.85
 -13.72
 -3.08
 85.85
 -13.64
 -3.14
 85.80
 -14.64
 -3.15
 85.65
 -14.59
 -3.16
 85.78
 -13.84
 -3.23
 85.37
 -14.92
 -3.30
 85.01
 -15.51
 -3.30
 84.72
 -16.06
 -3.22
 85.19
 -15.48
 -3.25
 85.34
 -15.68
 -3.10
 85.41
 -15.44
 -3.16
 85.51
 -16.20
 -2.97
 85.73
 -15.02
 -2.95
 85.80
 -14.85
 -2.82
 85.66
 -14.73
 -2.97
 85.89
 -15.33
 -2.96
 85.44
 -15.82
 -3.08
 85.34
 -15.47
 -3.08
 84.99
 -16.02
 -3.08
 85.37
 -16.82
 -1.76
 87.00
 -16.84
 -0.66
 86.82
 -22.78
 0.57
 86.71
 -34.23
 -0.41
 90.00
 -49.74
 1.43
 92.36
 -70.41
 -1.80
 94.13
 -82.27
 -3.99
 90.91
 -90.07
 -5.34
 89.46
 -92.21
 -5.26
 89.12
 -90.99
 -3.95
 90.44
 -95.31
 -3.73
 91.12
 -94.12
 -3.74
 90.65
 -92.24
 -3.81
 91.78
 -94.06
 -3.75
 91.48
 -92.45
 -3.82
 90.73
 -92.87
 -3.72
 90.55
 -93.04
 -3.72
 89.87
 -91.88
 -3.69
 89.57
 -92.93
 -3.75
 90.33
 -94.45
 -3.85
 90.45
 -92.57
 -3.87
 90.50
 -92.06
 -5.02
 91.11
 -92.08
 -4.38
 90.53
 -91.34
 -4.05
 90.37
 -90.72
 -3.99
 90.16
 -92.95
 -3.89
 90.52
 -91.49
 -3.87
 90.91
 -92.07
 -3.88
 90.78
 -91.51
 -3.89
 91.11
 -89.56
 -3.95
 89.97
 -90.77
 -3.75
 89.86
 -92.81
 -4.01
 89.91
 -93.25
 -4.60
 90.95
 -90.71
 -4.02
 93.34
 -92.43
 -2.45
 95.02
 -96.29
 2.70
 95.84
 -109.81
 3.46
 93.41
 -128.54
 1.04
 93.29
 165.17
 0.53
 94.39
 126.05
 -1.30
 94.21
 106.69
 -0.30
 94.23
 104.67
 1.82
 92.10
 92.50
 4.00
 94.61
 82.44
 4.45
 94.82
 73.81
 2.40
 94.23
 72.50
 -0.68
 92.98
 76.24
 -1.84
 91.08
 79.20
 -4.52
 88.25
 84.31
 -4.84
 87.49
 92.80
 -3.53
 87.01
 87.86
 -2.79
 87.20
 90.70
 -3.07
 88.90
 90.12
 -2.84
 91.70
 92.20
 -3.06
 91.34
 91.08
 -3.08
 91.28
 89.73
 -3.03
 90.95
 89.28
 -3.11
 90.37
 91.09
 -3.13
 90.96
 90.15
 -2.96
 90.16
 90.87
 -3.07
 90.24
 90.49
 -2.95
 90.47
 90.23
 -3.01
 90.60
 89.24
 -3.02
 90.53
 91.18
 -3.01
 91.10
 91.22
 -3.07
 91.12
 87.41
 -2.95
 90.96
 89.36
 -3.10
 91.56
 89.57
 -2.99
 91.51
 89.13
 -3.08
 91.58
 89.96
 -3.16
 91.79
 89.31
 -3.15
 92.08
 87.51
 -3.16
 92.89
 89.54
 -3.11
 92.39
 88.50
 -3.20
 92.41
 87.61
 -3.12
 92.60
 90.01
 -3.15
 92.75
 88.70
 -3.26
 93.52
 87.96
 -1.44
 91.98
 85.56
 -3.11
 91.77
 95.03
 -8.82
 92.18
 105.37
 -11.47
 93.67
 135.56
 -17.65
 97.11
 -161.79
 -18.36
 102.45
 -126.61
 -16.93
 108.24
 -105.43
 -12.00
 108.74
 -96.15
 -6.45
 104.66
 -90.87
 -3.57
 98.38
 -92.62
 -3.45
 95.99
 -93.72
 -3.63
 92.20
 -94.31
 -3.54
 88.95
 -91.36
 -3.56
 88.47
 -90.08
 -4.13
 89.43
 -91.49
 -3.61
 89.31
 -90.49
 -3.52
 89.88
 -89.02
 -3.44
 89.65
 -93.77
 -3.31
 87.25
 -93.55
 -3.38
 88.10
 -90.50
 -3.48
 88.94
 -90.16
 -3.44
 88.74
 -92.64
 -3.58
 88.18
 -91.68
 -3.35
 87.26
 -91.46
 -3.37
 87.55
 -92.54
 -3.38
 87.84
 -88.68
 -3.42
 86.98
 -90.45
 -3.59
 87.50
 -90.21
 -3.61
 88.66
 -89.46
 -3.69
 88.39
 -90.11
 -3.60
 89.20
 -88.93
 -3.66
 89.28
 -92.38
 -3.62
 88.76
 -88.80
 -3.57
 88.40
 -90.91
 -3.57
 88.27
 -92.92
 -3.58
 88.57
 -89.50
 -3.50
 88.25
 -88.80
 -3.39
 88.22
 -90.05
 -3.41
 88.79
 -93.59
 -3.52
 88.38
 -93.71
 -3.55
 88.43
 -90.63
 -3.55
 88.97
 -90.24
 -3.67
 88.91
 -94.05
 -3.61
 89.05
 -91.34
 -3.55
 89.18
 -88.25
 -3.60
 89.25
 -93.93
 -3.61
 89.29
 -90.56
 -3.44
 89.34
 -88.91
 -3.43
 88.73
 -91.18
 -3.31
 88.24
 -90.81
 -3.23
 87.90
 -94.37
 -2.95
 87.37
 -91.78
 -2.68
 87.04
 -93.48
 -2.53
 86.82
 -93.87
 -1.82
 86.44
 -97.19
 0.21
 87.04
 -96.70
 2.69
 88.18
 -89.44
 3.01
 88.44
 -90.11
 4.87
 89.24
 -92.47
 7.30
 87.34
 -89.46
 9.49
 86.78
 -89.22
 10.55
 87.30
 -81.41
 11.35
 88.63
 -80.58
 12.66
 88.64
 -77.29
 14.59
 89.16
 -74.83
 15.50
 88.66
 -72.74
 15.97
 88.53
 -67.83
 16.99
 88.02
 -69.04
 17.94
 87.78
 -69.68
 19.00
 87.36
 -65.56
 20.04
 87.97
 -67.56
 20.92
 88.07
 -61.88
 22.03
 88.32
 -61.74
 23.47
 88.59
 -59.16
 24.72
 88.94
 -60.47
 25.46
 88.47
 -61.20
 26.81
 88.95
 -61.63
 27.32
 88.87
 -60.02
 28.27
 88.46
 -58.08
 29.07
 88.39
 -56.38
 30.24
 88.38
 -59.16
 31.04
 88.49
 -58.41
 31.72
 88.63
 -56.11
 32.49
 87.88
 -57.24
 33.29
 87.89
 -58.68
 33.44
 87.63
 -56.82
 34.59
 88.36
 -59.09
 35.36
 88.47
 -56.81
 35.99
 87.97
 -58.50
 36.54
 86.56
 -57.58
 36.79
 86.03
 -58.20
 37.06
 86.03
 -57.32
 38.13
 86.55
 -57.95
 38.53
 86.33
 -57.56
 38.79
 85.55
 -58.42
 39.23
 85.10
 -57.73
 39.73
 85.14
 -59.20
 40.00
 85.25
 -57.70
 40.10
 84.93
 -57.63
 41.20
 84.63
 -58.47
 41.00
 84.90
 -58.70
 41.62
 85.55
 -56.97
 41.21
 85.46
 -57.18
 41.10
 85.15
 -57.99
 42.02
 85.03
 -59.87
 41.57
 85.36
 -59.00
 42.00
 85.68
 -58.94
 41.85
 85.89
 -59.07
 41.95
 86.65
 -57.86
 41.93
 86.97
 -57.73
 41.95
 87.06
 -58.85
 41.65
 86.82
 -58.73
 42.52
 86.88
 -59.30
 42.54
 87.07
 -59.25
 42.99
 87.39
 -61.12
 42.82
 88.35
 -61.05
 43.07
 89.31
 -60.78
 43.78
 91.17
 -61.84
 43.95
 92.35
 -62.25
 44.92
 93.27
 -62.96
 46.01
 94.61
 -64.81
 46.72
 96.09
 -64.37
 47.75
 97.29
 -65.74
 49.03
 98.29
 -67.82
 50.64
 98.36
 -68.59
 52.01
 98.59
 -69.92
 74.30
 64.53
 -89.16
 71.99
 94.44
 -87.16
 64.72
 104.07
 -82.11
 62.95
 102.48
 -79.88
 63.31
 101.33
 -79.99
 63.62
 99.93
 -80.40
 63.83
 99.55
 -79.33
 64.12
 98.44
 -79.23
 64.51
 96.57
 -81.18
 67.73
 92.55
 -82.68
 69.44
 87.49
 -84.34
 63.47
 95.03
 -79.54
 59.29
 95.74
 -74.69
 55.11
 91.77
 -72.07
 48.95
 88.42
 -66.27
 45.52
 85.50
 -65.55
 41.46
 85.16
 -62.93
 41.07
 84.63
 -64.72
 40.68
 85.13
 -69.91
 39.15
 87.14
 -79.13
 38.07
 89.68
 -91.40
 26.75
 93.77
 -94.38
 9.56
 91.22
 -95.43
 1.32
 88.51
 -103.25
 -2.04
 87.17
 -106.00
 -3.59
 86.32
 -101.30
 -4.39
 86.83
 -101.77
 -5.51
 85.97
 -99.52
 -7.35
 85.42
 -98.77
 -8.61
 86.03
 -99.25
 -11.08
 86.22
 -100.87
 -13.25
 86.32
 -101.69
 -15.64
 86.69
 -102.30
 -18.33
 87.34
 -100.83
 -21.89
 87.58
 -104.08
 -23.67
 88.34
 -106.03
 -25.35
 89.00
 -107.70
 -26.52
 89.98
 -109.58
 -27.42
 89.64
 -108.74
 -27.51
 89.06
 -110.32
 -29.06
 87.76
 -108.48
 -30.40
 87.14
 -107.42
 -31.20
 86.68
 -109.09
 -32.35
 85.33
 -107.78
 -34.86
 83.74
 -106.59
 -37.63
 81.17
 -103.24
 -39.21
 75.67
 -101.90
 -42.73
 75.21
 -92.14
 -44.96
 75.71
 -92.76
 -47.71
 75.88
 -90.03
 -49.95
 74.87
 -88.83
 -52.49
 72.98
 -86.84
 -53.76
 72.45
 -85.57
 -54.80
 71.76
 -83.93
 -55.74
 71.26
 -82.14
 -56.89
 70.92
 -82.08
 -59.24
 71.41
 -79.79
 -63.13
 70.41
 -79.71
 -64.06
 70.18
 -80.09
 -65.23
 68.28
 -78.41
 -67.18
 65.79
 -77.82
 -68.62
 64.40
 -75.92
 -68.98
 66.11
 -77.66
 -68.45
 66.16
 -77.42
 -68.40
 66.35
 -77.63
 -68.30
 65.73
 -77.98
 -67.67
 65.81
 -76.67
 -67.13
 65.80
 -77.51
 -65.43
 68.07
 -76.11
 -61.00
 71.95
 -81.82
 -55.16
 74.24
 -84.92
 -50.81
 76.06
 -89.58
 -45.46
 76.63
 -92.29
 -37.66
 81.20
 -97.17
 -34.90
 84.54
 -97.44
 -30.07
 83.01
 -101.05
 -24.00
 80.38
 -100.37
 -14.63
 79.66
 -100.18
 -4.48
 80.32
 -97.57
 -1.03
 77.50
 -94.76
 -0.87
 75.64
 -89.93
 -1.97
 80.24
 -90.71
 -1.79
 79.74
 -93.51
 -1.64
 79.35
 -89.20
 -2.28
 81.15
 -90.40
 -2.53
 81.46
 -91.64
 -2.57
 83.52
 -93.77
 -1.85
 78.91
 -98.56
 -2.17
 80.17
 -93.32
 -2.08
 79.63
 -94.01
 -2.34
 81.38
 -92.46
 -2.35
 79.78
 -93.72
 -2.23
 79.00
 -95.35
 -2.82
 78.72
 -95.25
 -2.87
 79.04
 -92.06
 -2.63
 79.60
 -94.54
 -2.35
 80.26
 -94.85
 -2.33
 79.76
 -95.01
 -2.51
 80.52
 -92.76
 -2.50
 80.39
 -95.81
 -2.33
 79.95
 -95.37
 -2.39
 80.03
 -96.91
 -2.41
 80.35
 -95.96
 -2.38
 81.16
 -95.40
 -2.44
 80.80
 -95.15
 -2.58
 80.74
 -94.33
 -2.45
 80.88
 -96.02
 -2.36
 80.84
 -96.71
 -2.28
 80.24
 -96.12
 -2.41
 80.32
 -94.58
 -4.97
 81.62
 -93.04
 -3.42
 79.70
 -93.37
 -2.60
 79.31
 -97.22
 -2.45
 79.84
 -94.97
 -2.34
 80.41
 -98.16
 -2.30
 79.99
 -98.60
 -2.30
 80.41
 -97.96
 -2.20
 80.02
 -95.62